# Photoabsorption spectrum from real-time propagation
# GPAW version: 19.8.1
# Total time = 44.9700 fs, Time steps = [30.0000] as
# Kick = [0, 1e-05, 0]
# Gaussian folding, Width = 0.2123 eV = 0.007802 Hartree <=> FWHM = 0.499928 eV
#    om (eV)                  S_x                  S_y                  S_z
    0.000000     0.0000000000e+00     0.0000000000e+00     0.0000000000e+00
    0.050000    -0.0000000000e+00    -2.1254592836e-05    -0.0000000000e+00
    0.100000    -0.0000000000e+00    -8.0670866448e-05    -0.0000000000e+00
    0.150000    -0.0000000000e+00    -1.6651762710e-04    -0.0000000000e+00
    0.200000    -0.0000000000e+00    -2.6308443244e-04    -0.0000000000e+00
    0.250000    -0.0000000000e+00    -3.5484616666e-04    -0.0000000000e+00
    0.300000    -0.0000000000e+00    -4.2986035766e-04    -0.0000000000e+00
    0.350000    -0.0000000000e+00    -4.8127377253e-04     0.0000000000e+00
    0.400000    -0.0000000000e+00    -5.0647905589e-04     0.0000000000e+00
    0.450000    -0.0000000000e+00    -5.0395897984e-04     0.0000000000e+00
    0.500000    -0.0000000000e+00    -4.6794090005e-04     0.0000000000e+00
    0.550000    -0.0000000000e+00    -3.8075308702e-04     0.0000000000e+00
    0.600000    -0.0000000000e+00    -2.0265252145e-04     0.0000000000e+00
    0.650000    -0.0000000000e+00     1.4052534806e-04     0.0000000000e+00
    0.700000    -0.0000000000e+00     7.6979293241e-04     0.0000000000e+00
    0.750000    -0.0000000000e+00     1.8605807042e-03     0.0000000000e+00
    0.800000    -0.0000000000e+00     3.6377249407e-03     0.0000000000e+00
    0.850000    -0.0000000000e+00     6.3496776008e-03     0.0000000000e+00
    0.900000    -0.0000000000e+00     1.0218389033e-02     0.0000000000e+00
    0.950000    -0.0000000000e+00     1.5372606061e-02     0.0000000000e+00
    1.000000     0.0000000000e+00     2.1788235301e-02     0.0000000000e+00
    1.050000     0.0000000000e+00     2.9273052204e-02     0.0000000000e+00
    1.100000     0.0000000000e+00     3.7534144942e-02     0.0000000000e+00
    1.150000     0.0000000000e+00     4.6346373931e-02     0.0000000000e+00
    1.200000     0.0000000000e+00     5.5798125351e-02     0.0000000000e+00
    1.250000     0.0000000000e+00     6.6538300949e-02     0.0000000000e+00
    1.300000     0.0000000000e+00     7.9908075577e-02     0.0000000000e+00
    1.350000    -0.0000000000e+00     9.7837485903e-02     0.0000000000e+00
    1.400000    -0.0000000000e+00     1.2243674405e-01     0.0000000000e+00
    1.450000    -0.0000000000e+00     1.5531281904e-01     0.0000000000e+00
    1.500000    -0.0000000000e+00     1.9676723540e-01     0.0000000000e+00
    1.550000    -0.0000000000e+00     2.4513505065e-01     0.0000000000e+00
    1.600000    -0.0000000000e+00     2.9655481577e-01     0.0000000000e+00
    1.650000    -0.0000000000e+00     3.4537841100e-01     0.0000000000e+00
    1.700000    -0.0000000000e+00     3.8524306769e-01     0.0000000000e+00
    1.750000    -0.0000000000e+00     4.1059607261e-01     0.0000000000e+00
    1.800000    -0.0000000000e+00     4.1828734891e-01     0.0000000000e+00
    1.850000    -0.0000000000e+00     4.0882393561e-01     0.0000000000e+00
    1.900000    -0.0000000000e+00     3.8704870093e-01     0.0000000000e+00
    1.950000    -0.0000000000e+00     3.6230043624e-01     0.0000000000e+00
    2.000000     0.0000000000e+00     3.4838624020e-01     0.0000000000e+00
    2.050000     0.0000000000e+00     3.6378038081e-01     0.0000000000e+00
    2.100000     0.0000000000e+00     4.3224649582e-01     0.0000000000e+00
    2.150000     0.0000000000e+00     5.8357416110e-01     0.0000000000e+00
    2.200000     0.0000000000e+00     8.5348590682e-01     0.0000000000e+00
    2.250000     0.0000000000e+00     1.2812982049e+00     0.0000000000e+00
    2.300000     0.0000000000e+00     1.9039708101e+00     0.0000000000e+00
    2.350000     0.0000000000e+00     2.7460513986e+00     0.0000000000e+00
    2.400000     0.0000000000e+00     3.8067470506e+00     0.0000000000e+00
    2.450000     0.0000000000e+00     5.0474908189e+00     0.0000000000e+00
    2.500000     0.0000000000e+00     6.3849801114e+00     0.0000000000e+00
    2.550000     0.0000000000e+00     7.6946109910e+00     0.0000000000e+00
    2.600000     0.0000000000e+00     8.8268213361e+00     0.0000000000e+00
    2.650000     0.0000000000e+00     9.6344629113e+00     0.0000000000e+00
    2.700000     0.0000000000e+00     1.0004567660e+01    -0.0000000000e+00
    2.750000     0.0000000000e+00     9.8850127853e+00    -0.0000000000e+00
    2.800000     0.0000000000e+00     9.2973261624e+00    -0.0000000000e+00
    2.850000     0.0000000000e+00     8.3312784291e+00    -0.0000000000e+00
    2.900000     0.0000000000e+00     7.1231919405e+00    -0.0000000000e+00
    2.950000     0.0000000000e+00     5.8252874901e+00    -0.0000000000e+00
    3.000000     0.0000000000e+00     4.5756114284e+00    -0.0000000000e+00
    3.050000     0.0000000000e+00     3.4765217740e+00     0.0000000000e+00
    3.100000     0.0000000000e+00     2.5855587119e+00     0.0000000000e+00
    3.150000     0.0000000000e+00     1.9179384377e+00     0.0000000000e+00
    3.200000     0.0000000000e+00     1.4567751130e+00     0.0000000000e+00
    3.250000     0.0000000000e+00     1.1662288939e+00     0.0000000000e+00
    3.300000     0.0000000000e+00     1.0036988280e+00     0.0000000000e+00
    3.350000     0.0000000000e+00     9.2890556409e-01     0.0000000000e+00
    3.400000     0.0000000000e+00     9.0928864615e-01     0.0000000000e+00
    3.450000     0.0000000000e+00     9.2211003205e-01     0.0000000000e+00
    3.500000     0.0000000000e+00     9.5403457672e-01     0.0000000000e+00
    3.550000     0.0000000000e+00     9.9901387927e-01     0.0000000000e+00
    3.600000     0.0000000000e+00     1.0552679394e+00     0.0000000000e+00
    3.650000     0.0000000000e+00     1.1221248020e+00     0.0000000000e+00
    3.700000     0.0000000000e+00     1.1974089491e+00     0.0000000000e+00
    3.750000     0.0000000000e+00     1.2759094309e+00     0.0000000000e+00
    3.800000     0.0000000000e+00     1.3491977828e+00     0.0000000000e+00
    3.850000     0.0000000000e+00     1.4067447540e+00     0.0000000000e+00
    3.900000     0.0000000000e+00     1.4379716002e+00     0.0000000000e+00
    3.950000     0.0000000000e+00     1.4346384498e+00     0.0000000000e+00
    4.000000     0.0000000000e+00     1.3928839531e+00     0.0000000000e+00
    4.050000     0.0000000000e+00     1.3143284715e+00     0.0000000000e+00
    4.100000     0.0000000000e+00     1.2059278994e+00     0.0000000000e+00
    4.150000     0.0000000000e+00     1.0786373793e+00     0.0000000000e+00
    4.200000     0.0000000000e+00     9.4528264038e-01     0.0000000000e+00
    4.250000     0.0000000000e+00     8.1821837538e-01     0.0000000000e+00
    4.300000     0.0000000000e+00     7.0732862555e-01     0.0000000000e+00
    4.350000     0.0000000000e+00     6.1874148734e-01     0.0000000000e+00
    4.400000     0.0000000000e+00     5.5439650751e-01     0.0000000000e+00
    4.450000     0.0000000000e+00     5.1241254902e-01     0.0000000000e+00
    4.500000     0.0000000000e+00     4.8808892121e-01    -0.0000000000e+00
    4.550000     0.0000000000e+00     4.7530788671e-01    -0.0000000000e+00
    4.600000     0.0000000000e+00     4.6805663557e-01    -0.0000000000e+00
    4.650000     0.0000000000e+00     4.6174981897e-01    -0.0000000000e+00
    4.700000     0.0000000000e+00     4.5404648593e-01    -0.0000000000e+00
    4.750000     0.0000000000e+00     4.4495723319e-01     0.0000000000e+00
    4.800000     0.0000000000e+00     4.3622799121e-01     0.0000000000e+00
    4.850000     0.0000000000e+00     4.3021090028e-01     0.0000000000e+00
    4.900000     0.0000000000e+00     4.2860413354e-01     0.0000000000e+00
    4.950000     0.0000000000e+00     4.3148849228e-01     0.0000000000e+00
    5.000000     0.0000000000e+00     4.3698541462e-01     0.0000000000e+00
    5.050000     0.0000000000e+00     4.4164396463e-01     0.0000000000e+00
    5.100000     0.0000000000e+00     4.4141173243e-01     0.0000000000e+00
    5.150000     0.0000000000e+00     4.3284712213e-01     0.0000000000e+00
    5.200000     0.0000000000e+00     4.1415827722e-01     0.0000000000e+00
    5.250000    -0.0000000000e+00     3.8573049349e-01     0.0000000000e+00
    5.300000    -0.0000000000e+00     3.4999672303e-01     0.0000000000e+00
    5.350000    -0.0000000000e+00     3.1073771020e-01     0.0000000000e+00
    5.400000    -0.0000000000e+00     2.7207995420e-01     0.0000000000e+00
    5.450000     0.0000000000e+00     2.3752742569e-01     0.0000000000e+00
    5.500000     0.0000000000e+00     2.0930472436e-01     0.0000000000e+00
    5.550000     0.0000000000e+00     1.8814476328e-01     0.0000000000e+00
    5.600000     0.0000000000e+00     1.7349061016e-01     0.0000000000e+00
    5.650000     0.0000000000e+00     1.6396137405e-01     0.0000000000e+00
    5.700000     0.0000000000e+00     1.5788902554e-01     0.0000000000e+00
    5.750000     0.0000000000e+00     1.5376340862e-01     0.0000000000e+00
    5.800000     0.0000000000e+00     1.5049643439e-01     0.0000000000e+00
    5.850000     0.0000000000e+00     1.4749521210e-01     0.0000000000e+00
    5.900000     0.0000000000e+00     1.4458853470e-01     0.0000000000e+00
    5.950000     0.0000000000e+00     1.4187145684e-01     0.0000000000e+00
    6.000000     0.0000000000e+00     1.3952644034e-01     0.0000000000e+00
    6.050000     0.0000000000e+00     1.3766301303e-01     0.0000000000e+00
    6.100000     0.0000000000e+00     1.3620421277e-01     0.0000000000e+00
    6.150000     0.0000000000e+00     1.3484018651e-01     0.0000000000e+00
    6.200000     0.0000000000e+00     1.3306132911e-01     0.0000000000e+00
    6.250000     0.0000000000e+00     1.3026836317e-01     0.0000000000e+00
    6.300000     0.0000000000e+00     1.2593450698e-01     0.0000000000e+00
    6.350000     0.0000000000e+00     1.1977364989e-01     0.0000000000e+00
    6.400000     0.0000000000e+00     1.1186005440e-01     0.0000000000e+00
    6.450000     0.0000000000e+00     1.0265670543e-01     0.0000000000e+00
    6.500000     0.0000000000e+00     9.2938248708e-02     0.0000000000e+00
    6.550000     0.0000000000e+00     8.3628850696e-02     0.0000000000e+00
    6.600000    -0.0000000000e+00     7.5601229074e-02     0.0000000000e+00
    6.650000    -0.0000000000e+00     6.9491490656e-02     0.0000000000e+00
    6.700000    -0.0000000000e+00     6.5574874474e-02     0.0000000000e+00
    6.750000    -0.0000000000e+00     6.3726692473e-02     0.0000000000e+00
    6.800000     0.0000000000e+00     6.3469563321e-02     0.0000000000e+00
    6.850000     0.0000000000e+00     6.4089093007e-02     0.0000000000e+00
    6.900000     0.0000000000e+00     6.4788290191e-02     0.0000000000e+00
    6.950000     0.0000000000e+00     6.4846333722e-02     0.0000000000e+00
    7.000000     0.0000000000e+00     6.3749159504e-02     0.0000000000e+00
    7.050000     0.0000000000e+00     6.1267105162e-02     0.0000000000e+00
    7.100000     0.0000000000e+00     5.7467501423e-02     0.0000000000e+00
    7.150000     0.0000000000e+00     5.2665265699e-02     0.0000000000e+00
    7.200000     0.0000000000e+00     4.7328544566e-02     0.0000000000e+00
    7.250000     0.0000000000e+00     4.1965436350e-02     0.0000000000e+00
    7.300000     0.0000000000e+00     3.7019467710e-02     0.0000000000e+00
    7.350000     0.0000000000e+00     3.2795943704e-02     0.0000000000e+00
    7.400000     0.0000000000e+00     2.9430921849e-02     0.0000000000e+00
    7.450000     0.0000000000e+00     2.6902813126e-02     0.0000000000e+00
    7.500000     0.0000000000e+00     2.5076636682e-02     0.0000000000e+00
    7.550000     0.0000000000e+00     2.3764788108e-02     0.0000000000e+00
    7.600000     0.0000000000e+00     2.2786600164e-02     0.0000000000e+00
    7.650000     0.0000000000e+00     2.2011745124e-02     0.0000000000e+00
    7.700000     0.0000000000e+00     2.1378673001e-02     0.0000000000e+00
    7.750000     0.0000000000e+00     2.0887208892e-02     0.0000000000e+00
    7.800000     0.0000000000e+00     2.0572059505e-02     0.0000000000e+00
    7.850000     0.0000000000e+00     2.0469083924e-02     0.0000000000e+00
    7.900000     0.0000000000e+00     2.0587107221e-02     0.0000000000e+00
    7.950000     0.0000000000e+00     2.0894482247e-02     0.0000000000e+00
    8.000000     0.0000000000e+00     2.1322959026e-02     0.0000000000e+00
    8.050000     0.0000000000e+00     2.1784470792e-02     0.0000000000e+00
    8.100000     0.0000000000e+00     2.2192125728e-02     0.0000000000e+00
    8.150000     0.0000000000e+00     2.2476678849e-02     0.0000000000e+00
    8.200000     0.0000000000e+00     2.2593590016e-02     0.0000000000e+00
    8.250000     0.0000000000e+00     2.2521116766e-02     0.0000000000e+00
    8.300000     0.0000000000e+00     2.2253856016e-02     0.0000000000e+00
    8.350000     0.0000000000e+00     2.1796924049e-02     0.0000000000e+00
    8.400000     0.0000000000e+00     2.1163748133e-02     0.0000000000e+00
    8.450000     0.0000000000e+00     2.0377111361e-02     0.0000000000e+00
    8.500000     0.0000000000e+00     1.9470854432e-02     0.0000000000e+00
    8.550000     0.0000000000e+00     1.8489620895e-02     0.0000000000e+00
    8.600000     0.0000000000e+00     1.7485731455e-02     0.0000000000e+00
    8.650000     0.0000000000e+00     1.6514158838e-02     0.0000000000e+00
    8.700000     0.0000000000e+00     1.5627308795e-02     0.0000000000e+00
    8.750000     0.0000000000e+00     1.4870653209e-02     0.0000000000e+00
    8.800000    -0.0000000000e+00     1.4279057482e-02     0.0000000000e+00
    8.850000    -0.0000000000e+00     1.3873046362e-02     0.0000000000e+00
    8.900000    -0.0000000000e+00     1.3654803650e-02     0.0000000000e+00
    8.950000     0.0000000000e+00     1.3604979989e-02     0.0000000000e+00
    9.000000     0.0000000000e+00     1.3682368105e-02     0.0000000000e+00
    9.050000     0.0000000000e+00     1.3828319987e-02     0.0000000000e+00
    9.100000     0.0000000000e+00     1.3976274118e-02     0.0000000000e+00
    9.150000     0.0000000000e+00     1.4064591296e-02     0.0000000000e+00
    9.200000     0.0000000000e+00     1.4049148387e-02     0.0000000000e+00
    9.250000     0.0000000000e+00     1.3911742878e-02     0.0000000000e+00
    9.300000     0.0000000000e+00     1.3661631063e-02     0.0000000000e+00
    9.350000     0.0000000000e+00     1.3329989248e-02     0.0000000000e+00
    9.400000     0.0000000000e+00     1.2959686112e-02     0.0000000000e+00
    9.450000     0.0000000000e+00     1.2594299745e-02     0.0000000000e+00
    9.500000     0.0000000000e+00     1.2270071783e-02     0.0000000000e+00
    9.550000     0.0000000000e+00     1.2012591037e-02     0.0000000000e+00
    9.600000     0.0000000000e+00     1.1837428392e-02     0.0000000000e+00
    9.650000     0.0000000000e+00     1.1752079036e-02     0.0000000000e+00
    9.700000     0.0000000000e+00     1.1756428433e-02     0.0000000000e+00
    9.750000     0.0000000000e+00     1.1840608264e-02     0.0000000000e+00
    9.800000     0.0000000000e+00     1.1981566390e-02     0.0000000000e+00
    9.850000     0.0000000000e+00     1.2141440959e-02     0.0000000000e+00
    9.900000     0.0000000000e+00     1.2270749666e-02     0.0000000000e+00
    9.950000    -0.0000000000e+00     1.2317368818e-02     0.0000000000e+00
   10.000000    -0.0000000000e+00     1.2239310486e-02     0.0000000000e+00
   10.050000    -0.0000000000e+00     1.2017002599e-02     0.0000000000e+00
   10.100000    -0.0000000000e+00     1.1660391426e-02     0.0000000000e+00
   10.150000    -0.0000000000e+00     1.1207947847e-02     0.0000000000e+00
   10.200000     0.0000000000e+00     1.0717697510e-02     0.0000000000e+00
   10.250000     0.0000000000e+00     1.0253278863e-02     0.0000000000e+00
   10.300000     0.0000000000e+00     9.8695477515e-03     0.0000000000e+00
   10.350000     0.0000000000e+00     9.6019439816e-03     0.0000000000e+00
   10.400000     0.0000000000e+00     9.4620977414e-03     0.0000000000e+00
   10.450000     0.0000000000e+00     9.4398598761e-03     0.0000000000e+00
   10.500000     0.0000000000e+00     9.5099943863e-03     0.0000000000e+00
   10.550000     0.0000000000e+00     9.6407606929e-03     0.0000000000e+00
   10.600000     0.0000000000e+00     9.8016811465e-03     0.0000000000e+00
   10.650000     0.0000000000e+00     9.9686969511e-03     0.0000000000e+00
   10.700000     0.0000000000e+00     1.0126201478e-02     0.0000000000e+00
   10.750000     0.0000000000e+00     1.0266606193e-02     0.0000000000e+00
   10.800000     0.0000000000e+00     1.0388765504e-02     0.0000000000e+00
   10.850000     0.0000000000e+00     1.0496602524e-02     0.0000000000e+00
   10.900000     0.0000000000e+00     1.0598711268e-02     0.0000000000e+00
   10.950000     0.0000000000e+00     1.0708827312e-02     0.0000000000e+00
   11.000000     0.0000000000e+00     1.0846233931e-02     0.0000000000e+00
   11.050000     0.0000000000e+00     1.1034777707e-02     0.0000000000e+00
   11.100000     0.0000000000e+00     1.1299443329e-02     0.0000000000e+00
   11.150000     0.0000000000e+00     1.1660360456e-02     0.0000000000e+00
   11.200000     0.0000000000e+00     1.2125365324e-02     0.0000000000e+00
   11.250000     0.0000000000e+00     1.2683291100e-02     0.0000000000e+00
   11.300000     0.0000000000e+00     1.3300503024e-02     0.0000000000e+00
   11.350000     0.0000000000e+00     1.3922578323e-02     0.0000000000e+00
   11.400000     0.0000000000e+00     1.4481613925e-02     0.0000000000e+00
   11.450000     0.0000000000e+00     1.4907940714e-02     0.0000000000e+00
   11.500000     0.0000000000e+00     1.5143671065e-02     0.0000000000e+00
   11.550000     0.0000000000e+00     1.5154976220e-02     0.0000000000e+00
   11.600000     0.0000000000e+00     1.4940374827e-02     0.0000000000e+00
   11.650000     0.0000000000e+00     1.4533332010e-02     0.0000000000e+00
   11.700000     0.0000000000e+00     1.3998667944e-02     0.0000000000e+00
   11.750000     0.0000000000e+00     1.3423310467e-02     0.0000000000e+00
   11.800000     0.0000000000e+00     1.2902717421e-02     0.0000000000e+00
   11.850000     0.0000000000e+00     1.2524958358e-02     0.0000000000e+00
   11.900000     0.0000000000e+00     1.2355065217e-02     0.0000000000e+00
   11.950000     0.0000000000e+00     1.2422690145e-02     0.0000000000e+00
   12.000000     0.0000000000e+00     1.2715987307e-02     0.0000000000e+00
   12.050000     0.0000000000e+00     1.3183644062e-02     0.0000000000e+00
   12.100000     0.0000000000e+00     1.3745145841e-02     0.0000000000e+00
   12.150000     0.0000000000e+00     1.4307157190e-02     0.0000000000e+00
   12.200000     0.0000000000e+00     1.4782127733e-02     0.0000000000e+00
   12.250000     0.0000000000e+00     1.5104598408e-02     0.0000000000e+00
   12.300000     0.0000000000e+00     1.5241457558e-02     0.0000000000e+00
   12.350000     0.0000000000e+00     1.5194262085e-02     0.0000000000e+00
   12.400000     0.0000000000e+00     1.4993965719e-02     0.0000000000e+00
   12.450000     0.0000000000e+00     1.4690214429e-02    -0.0000000000e+00
   12.500000     0.0000000000e+00     1.4338319269e-02    -0.0000000000e+00
   12.550000     0.0000000000e+00     1.3987074660e-02    -0.0000000000e+00
   12.600000     0.0000000000e+00     1.3670010812e-02    -0.0000000000e+00
   12.650000     0.0000000000e+00     1.3401713945e-02    -0.0000000000e+00
   12.700000     0.0000000000e+00     1.3179628514e-02    -0.0000000000e+00
   12.750000     0.0000000000e+00     1.2990329429e-02    -0.0000000000e+00
   12.800000     0.0000000000e+00     1.2817862598e-02     0.0000000000e+00
   12.850000     0.0000000000e+00     1.2650938829e-02     0.0000000000e+00
   12.900000     0.0000000000e+00     1.2486141578e-02     0.0000000000e+00
   12.950000     0.0000000000e+00     1.2326078966e-02     0.0000000000e+00
   13.000000     0.0000000000e+00     1.2173992835e-02     0.0000000000e+00
   13.050000     0.0000000000e+00     1.2028453615e-02     0.0000000000e+00
   13.100000     0.0000000000e+00     1.1882089017e-02     0.0000000000e+00
   13.150000     0.0000000000e+00     1.1726297591e-02     0.0000000000e+00
   13.200000     0.0000000000e+00     1.1560384670e-02     0.0000000000e+00
   13.250000     0.0000000000e+00     1.1400382486e-02     0.0000000000e+00
   13.300000     0.0000000000e+00     1.1281900805e-02     0.0000000000e+00
   13.350000     0.0000000000e+00     1.1253531692e-02     0.0000000000e+00
   13.400000     0.0000000000e+00     1.1361736063e-02     0.0000000000e+00
   13.450000     0.0000000000e+00     1.1632578467e-02     0.0000000000e+00
   13.500000     0.0000000000e+00     1.2057813675e-02     0.0000000000e+00
   13.550000    -0.0000000000e+00     1.2591485196e-02     0.0000000000e+00
   13.600000    -0.0000000000e+00     1.3158996551e-02     0.0000000000e+00
   13.650000    -0.0000000000e+00     1.3675611536e-02     0.0000000000e+00
   13.700000    -0.0000000000e+00     1.4067863588e-02     0.0000000000e+00
   13.750000    -0.0000000000e+00     1.4290810572e-02     0.0000000000e+00
   13.800000    -0.0000000000e+00     1.4336329902e-02     0.0000000000e+00
   13.850000     0.0000000000e+00     1.4231313927e-02     0.0000000000e+00
   13.900000     0.0000000000e+00     1.4027923247e-02     0.0000000000e+00
   13.950000     0.0000000000e+00     1.3789777517e-02     0.0000000000e+00
   14.000000     0.0000000000e+00     1.3577942822e-02     0.0000000000e+00
   14.050000     0.0000000000e+00     1.3439505259e-02     0.0000000000e+00
   14.100000     0.0000000000e+00     1.3400320207e-02     0.0000000000e+00
   14.150000     0.0000000000e+00     1.3462707011e-02     0.0000000000e+00
   14.200000     0.0000000000e+00     1.3608301160e-02     0.0000000000e+00
   14.250000     0.0000000000e+00     1.3805525890e-02     0.0000000000e+00
   14.300000     0.0000000000e+00     1.4019959964e-02     0.0000000000e+00
   14.350000     0.0000000000e+00     1.4224594845e-02     0.0000000000e+00
   14.400000     0.0000000000e+00     1.4406394414e-02     0.0000000000e+00
   14.450000     0.0000000000e+00     1.4566423272e-02     0.0000000000e+00
   14.500000     0.0000000000e+00     1.4713158904e-02     0.0000000000e+00
   14.550000     0.0000000000e+00     1.4851617813e-02     0.0000000000e+00
   14.600000     0.0000000000e+00     1.4973201670e-02     0.0000000000e+00
   14.650000     0.0000000000e+00     1.5051439065e-02     0.0000000000e+00
   14.700000     0.0000000000e+00     1.5046644863e-02     0.0000000000e+00
   14.750000     0.0000000000e+00     1.4918700357e-02    -0.0000000000e+00
   14.800000     0.0000000000e+00     1.4643341688e-02    -0.0000000000e+00
   14.850000     0.0000000000e+00     1.4225346376e-02    -0.0000000000e+00
   14.900000     0.0000000000e+00     1.3702878826e-02    -0.0000000000e+00
   14.950000     0.0000000000e+00     1.3140696896e-02     0.0000000000e+00
   15.000000     0.0000000000e+00     1.2614381506e-02     0.0000000000e+00
   15.050000     0.0000000000e+00     1.2191199388e-02     0.0000000000e+00
   15.100000     0.0000000000e+00     1.1914177211e-02     0.0000000000e+00
   15.150000     0.0000000000e+00     1.1794255521e-02     0.0000000000e+00
   15.200000     0.0000000000e+00     1.1812049868e-02     0.0000000000e+00
   15.250000     0.0000000000e+00     1.1927378041e-02     0.0000000000e+00
   15.300000     0.0000000000e+00     1.2092606772e-02     0.0000000000e+00
   15.350000     0.0000000000e+00     1.2265483271e-02     0.0000000000e+00
   15.400000     0.0000000000e+00     1.2418113174e-02     0.0000000000e+00
   15.450000     0.0000000000e+00     1.2540434897e-02     0.0000000000e+00
   15.500000     0.0000000000e+00     1.2638297686e-02     0.0000000000e+00
   15.550000     0.0000000000e+00     1.2727682429e-02     0.0000000000e+00
   15.600000     0.0000000000e+00     1.2827467202e-02     0.0000000000e+00
   15.650000     0.0000000000e+00     1.2953243427e-02     0.0000000000e+00
   15.700000     0.0000000000e+00     1.3113958373e-02     0.0000000000e+00
   15.750000     0.0000000000e+00     1.3311807978e-02     0.0000000000e+00
   15.800000     0.0000000000e+00     1.3544396629e-02     0.0000000000e+00
   15.850000     0.0000000000e+00     1.3807418823e-02     0.0000000000e+00
   15.900000     0.0000000000e+00     1.4096409035e-02     0.0000000000e+00
   15.950000     0.0000000000e+00     1.4407228775e-02     0.0000000000e+00
   16.000000     0.0000000000e+00     1.4736127302e-02     0.0000000000e+00
   16.050000     0.0000000000e+00     1.5080567469e-02     0.0000000000e+00
   16.100000    -0.0000000000e+00     1.5441231245e-02     0.0000000000e+00
   16.150000    -0.0000000000e+00     1.5824207370e-02     0.0000000000e+00
   16.200000    -0.0000000000e+00     1.6241342444e-02     0.0000000000e+00
   16.250000    -0.0000000000e+00     1.6706980173e-02     0.0000000000e+00
   16.300000    -0.0000000000e+00     1.7230927944e-02     0.0000000000e+00
   16.350000     0.0000000000e+00     1.7809688188e-02     0.0000000000e+00
   16.400000     0.0000000000e+00     1.8419542240e-02     0.0000000000e+00
   16.450000     0.0000000000e+00     1.9015026663e-02     0.0000000000e+00
   16.500000     0.0000000000e+00     1.9534576970e-02     0.0000000000e+00
   16.550000     0.0000000000e+00     1.9912398074e-02     0.0000000000e+00
   16.600000     0.0000000000e+00     2.0093177612e-02     0.0000000000e+00
   16.650000     0.0000000000e+00     2.0045135556e-02     0.0000000000e+00
   16.700000     0.0000000000e+00     1.9767497192e-02     0.0000000000e+00
   16.750000     0.0000000000e+00     1.9290427371e-02     0.0000000000e+00
   16.800000     0.0000000000e+00     1.8667913191e-02     0.0000000000e+00
   16.850000     0.0000000000e+00     1.7966098898e-02     0.0000000000e+00
   16.900000     0.0000000000e+00     1.7250529654e-02     0.0000000000e+00
   16.950000     0.0000000000e+00     1.6575499001e-02     0.0000000000e+00
   17.000000     0.0000000000e+00     1.5977517177e-02     0.0000000000e+00
   17.050000     0.0000000000e+00     1.5473395230e-02     0.0000000000e+00
   17.100000     0.0000000000e+00     1.5062168689e-02     0.0000000000e+00
   17.150000     0.0000000000e+00     1.4729448237e-02     0.0000000000e+00
   17.200000    -0.0000000000e+00     1.4452814759e-02     0.0000000000e+00
   17.250000    -0.0000000000e+00     1.4207283981e-02     0.0000000000e+00
   17.300000    -0.0000000000e+00     1.3970252787e-02     0.0000000000e+00
   17.350000    -0.0000000000e+00     1.3725467933e-02    -0.0000000000e+00
   17.400000    -0.0000000000e+00     1.3465501215e-02    -0.0000000000e+00
   17.450000    -0.0000000000e+00     1.3192262129e-02    -0.0000000000e+00
   17.500000     0.0000000000e+00     1.2915455954e-02    -0.0000000000e+00
   17.550000     0.0000000000e+00     1.2649524814e-02     0.0000000000e+00
   17.600000     0.0000000000e+00     1.2410118103e-02     0.0000000000e+00
   17.650000     0.0000000000e+00     1.2211136871e-02     0.0000000000e+00
   17.700000     0.0000000000e+00     1.2062821992e-02     0.0000000000e+00
   17.750000     0.0000000000e+00     1.1970594568e-02     0.0000000000e+00
   17.800000     0.0000000000e+00     1.1934002571e-02     0.0000000000e+00
   17.850000     0.0000000000e+00     1.1945524810e-02     0.0000000000e+00
   17.900000     0.0000000000e+00     1.1989896837e-02     0.0000000000e+00
   17.950000     0.0000000000e+00     1.2045324954e-02     0.0000000000e+00
   18.000000     0.0000000000e+00     1.2087712943e-02     0.0000000000e+00
   18.050000     0.0000000000e+00     1.2097678011e-02     0.0000000000e+00
   18.100000     0.0000000000e+00     1.2068304292e-02     0.0000000000e+00
   18.150000     0.0000000000e+00     1.2010371141e-02     0.0000000000e+00
   18.200000     0.0000000000e+00     1.1952090130e-02     0.0000000000e+00
   18.250000     0.0000000000e+00     1.1932286820e-02     0.0000000000e+00
   18.300000     0.0000000000e+00     1.1988664637e-02     0.0000000000e+00
   18.350000     0.0000000000e+00     1.2145009044e-02     0.0000000000e+00
   18.400000    -0.0000000000e+00     1.2401871712e-02     0.0000000000e+00
   18.450000    -0.0000000000e+00     1.2734116752e-02     0.0000000000e+00
   18.500000    -0.0000000000e+00     1.3096271507e-02     0.0000000000e+00
   18.550000    -0.0000000000e+00     1.3433968094e-02     0.0000000000e+00
   18.600000    -0.0000000000e+00     1.3697908422e-02     0.0000000000e+00
   18.650000    -0.0000000000e+00     1.3856267581e-02     0.0000000000e+00
   18.700000    -0.0000000000e+00     1.3902194384e-02     0.0000000000e+00
   18.750000    -0.0000000000e+00     1.3854592672e-02     0.0000000000e+00
   18.800000     0.0000000000e+00     1.3752122315e-02     0.0000000000e+00
   18.850000     0.0000000000e+00     1.3641968463e-02     0.0000000000e+00
   18.900000     0.0000000000e+00     1.3566207513e-02     0.0000000000e+00
   18.950000     0.0000000000e+00     1.3549402148e-02     0.0000000000e+00
   19.000000     0.0000000000e+00     1.3591135869e-02     0.0000000000e+00
   19.050000     0.0000000000e+00     1.3666251468e-02     0.0000000000e+00
   19.100000     0.0000000000e+00     1.3733505865e-02     0.0000000000e+00
   19.150000     0.0000000000e+00     1.3750614330e-02     0.0000000000e+00
   19.200000     0.0000000000e+00     1.3691174342e-02     0.0000000000e+00
   19.250000     0.0000000000e+00     1.3557836152e-02     0.0000000000e+00
   19.300000     0.0000000000e+00     1.3386987222e-02     0.0000000000e+00
   19.350000     0.0000000000e+00     1.3242922075e-02     0.0000000000e+00
   19.400000     0.0000000000e+00     1.3202918408e-02     0.0000000000e+00
   19.450000     0.0000000000e+00     1.3337474491e-02     0.0000000000e+00
   19.500000     0.0000000000e+00     1.3691213558e-02     0.0000000000e+00
   19.550000     0.0000000000e+00     1.4269451353e-02     0.0000000000e+00
   19.600000     0.0000000000e+00     1.5033663746e-02     0.0000000000e+00
   19.650000     0.0000000000e+00     1.5906831341e-02     0.0000000000e+00
   19.700000     0.0000000000e+00     1.6787449701e-02     0.0000000000e+00
   19.750000     0.0000000000e+00     1.7569164008e-02     0.0000000000e+00
   19.800000     0.0000000000e+00     1.8161690276e-02     0.0000000000e+00
   19.850000     0.0000000000e+00     1.8508178614e-02     0.0000000000e+00
   19.900000     0.0000000000e+00     1.8594774193e-02     0.0000000000e+00
   19.950000     0.0000000000e+00     1.8449962677e-02     0.0000000000e+00
   20.000000    -0.0000000000e+00     1.8134017911e-02     0.0000000000e+00
   20.050000    -0.0000000000e+00     1.7721694121e-02     0.0000000000e+00
   20.100000    -0.0000000000e+00     1.7283235265e-02     0.0000000000e+00
   20.150000    -0.0000000000e+00     1.6869092084e-02     0.0000000000e+00
   20.200000    -0.0000000000e+00     1.6502326130e-02     0.0000000000e+00
   20.250000    -0.0000000000e+00     1.6180064058e-02     0.0000000000e+00
   20.300000    -0.0000000000e+00     1.5882469049e-02     0.0000000000e+00
   20.350000     0.0000000000e+00     1.5585481741e-02    -0.0000000000e+00
   20.400000     0.0000000000e+00     1.5272732100e-02    -0.0000000000e+00
   20.450000     0.0000000000e+00     1.4942746704e-02    -0.0000000000e+00
   20.500000    -0.0000000000e+00     1.4609559635e-02    -0.0000000000e+00
   20.550000     0.0000000000e+00     1.4297334506e-02    -0.0000000000e+00
   20.600000     0.0000000000e+00     1.4031683885e-02    -0.0000000000e+00
   20.650000     0.0000000000e+00     1.3831258669e-02     0.0000000000e+00
   20.700000    -0.0000000000e+00     1.3702602944e-02     0.0000000000e+00
   20.750000    -0.0000000000e+00     1.3639595830e-02     0.0000000000e+00
   20.800000    -0.0000000000e+00     1.3626857932e-02     0.0000000000e+00
   20.850000    -0.0000000000e+00     1.3645153338e-02     0.0000000000e+00
   20.900000    -0.0000000000e+00     1.3676543473e-02     0.0000000000e+00
   20.950000    -0.0000000000e+00     1.3707737818e-02     0.0000000000e+00
   21.000000     0.0000000000e+00     1.3731194658e-02     0.0000000000e+00
   21.050000     0.0000000000e+00     1.3744439084e-02     0.0000000000e+00
   21.100000     0.0000000000e+00     1.3748438961e-02     0.0000000000e+00
   21.150000     0.0000000000e+00     1.3745746198e-02     0.0000000000e+00
   21.200000     0.0000000000e+00     1.3738756255e-02     0.0000000000e+00
   21.250000     0.0000000000e+00     1.3728168956e-02     0.0000000000e+00
   21.300000     0.0000000000e+00     1.3711698812e-02     0.0000000000e+00
   21.350000     0.0000000000e+00     1.3683239773e-02     0.0000000000e+00
   21.400000     0.0000000000e+00     1.3632867328e-02     0.0000000000e+00
   21.450000     0.0000000000e+00     1.3548071869e-02     0.0000000000e+00
   21.500000     0.0000000000e+00     1.3416355178e-02     0.0000000000e+00
   21.550000     0.0000000000e+00     1.3228828469e-02     0.0000000000e+00
   21.600000     0.0000000000e+00     1.2983919754e-02     0.0000000000e+00
   21.650000     0.0000000000e+00     1.2689996182e-02     0.0000000000e+00
   21.700000     0.0000000000e+00     1.2365829538e-02     0.0000000000e+00
   21.750000     0.0000000000e+00     1.2038383787e-02     0.0000000000e+00
   21.800000     0.0000000000e+00     1.1738181191e-02     0.0000000000e+00
   21.850000     0.0000000000e+00     1.1493218808e-02     0.0000000000e+00
   21.900000    -0.0000000000e+00     1.1322843879e-02     0.0000000000e+00
   21.950000    -0.0000000000e+00     1.1233091640e-02     0.0000000000e+00
   22.000000    -0.0000000000e+00     1.1214782386e-02     0.0000000000e+00
   22.050000    -0.0000000000e+00     1.1245198127e-02     0.0000000000e+00
   22.100000    -0.0000000000e+00     1.1293398372e-02     0.0000000000e+00
   22.150000    -0.0000000000e+00     1.1328221847e-02     0.0000000000e+00
   22.200000    -0.0000000000e+00     1.1326978308e-02     0.0000000000e+00
   22.250000    -0.0000000000e+00     1.1282199868e-02     0.0000000000e+00
   22.300000     0.0000000000e+00     1.1204059411e-02     0.0000000000e+00
   22.350000     0.0000000000e+00     1.1117344016e-02     0.0000000000e+00
   22.400000     0.0000000000e+00     1.1053836993e-02     0.0000000000e+00
   22.450000     0.0000000000e+00     1.1042795383e-02     0.0000000000e+00
   22.500000     0.0000000000e+00     1.1103014835e-02     0.0000000000e+00
   22.550000     0.0000000000e+00     1.1239272262e-02     0.0000000000e+00
   22.600000     0.0000000000e+00     1.1443978198e-02     0.0000000000e+00
   22.650000     0.0000000000e+00     1.1702557832e-02     0.0000000000e+00
   22.700000     0.0000000000e+00     1.1999531237e-02    -0.0000000000e+00
   22.750000     0.0000000000e+00     1.2322244672e-02    -0.0000000000e+00
   22.800000    -0.0000000000e+00     1.2660723092e-02    -0.0000000000e+00
   22.850000    -0.0000000000e+00     1.3004391241e-02    -0.0000000000e+00
   22.900000    -0.0000000000e+00     1.3338258166e-02    -0.0000000000e+00
   22.950000    -0.0000000000e+00     1.3641582046e-02    -0.0000000000e+00
   23.000000    -0.0000000000e+00     1.3890758897e-02    -0.0000000000e+00
   23.050000    -0.0000000000e+00     1.4065840804e-02    -0.0000000000e+00
   23.100000     0.0000000000e+00     1.4157912470e-02     0.0000000000e+00
   23.150000     0.0000000000e+00     1.4173712955e-02     0.0000000000e+00
   23.200000     0.0000000000e+00     1.4134865058e-02     0.0000000000e+00
   23.250000     0.0000000000e+00     1.4071398178e-02     0.0000000000e+00
   23.300000     0.0000000000e+00     1.4011769006e-02     0.0000000000e+00
   23.350000     0.0000000000e+00     1.3973097126e-02     0.0000000000e+00
   23.400000     0.0000000000e+00     1.3955209520e-02     0.0000000000e+00
   23.450000     0.0000000000e+00     1.3940526263e-02     0.0000000000e+00
   23.500000     0.0000000000e+00     1.3899638386e-02     0.0000000000e+00
   23.550000     0.0000000000e+00     1.3800578616e-02     0.0000000000e+00
   23.600000     0.0000000000e+00     1.3618886794e-02     0.0000000000e+00
   23.650000     0.0000000000e+00     1.3345716103e-02     0.0000000000e+00
   23.700000     0.0000000000e+00     1.2992087687e-02     0.0000000000e+00
   23.750000     0.0000000000e+00     1.2588517127e-02     0.0000000000e+00
   23.800000    -0.0000000000e+00     1.2180261279e-02     0.0000000000e+00
   23.850000    -0.0000000000e+00     1.1819232189e-02     0.0000000000e+00
   23.900000    -0.0000000000e+00     1.1554196506e-02     0.0000000000e+00
   23.950000    -0.0000000000e+00     1.1421222981e-02     0.0000000000e+00
   24.000000     0.0000000000e+00     1.1436379195e-02     0.0000000000e+00
   24.050000     0.0000000000e+00     1.1592300037e-02     0.0000000000e+00
   24.100000     0.0000000000e+00     1.1859430011e-02     0.0000000000e+00
   24.150000     0.0000000000e+00     1.2191636075e-02     0.0000000000e+00
   24.200000     0.0000000000e+00     1.2534816875e-02     0.0000000000e+00
   24.250000     0.0000000000e+00     1.2836448608e-02     0.0000000000e+00
   24.300000     0.0000000000e+00     1.3053923607e-02     0.0000000000e+00
   24.350000     0.0000000000e+00     1.3160041926e-02    -0.0000000000e+00
   24.400000     0.0000000000e+00     1.3144892860e-02    -0.0000000000e+00
   24.450000     0.0000000000e+00     1.3014311180e-02    -0.0000000000e+00
   24.500000     0.0000000000e+00     1.2785853120e-02    -0.0000000000e+00
   24.550000    -0.0000000000e+00     1.2483659883e-02    -0.0000000000e+00
   24.600000    -0.0000000000e+00     1.2133616771e-02    -0.0000000000e+00
   24.650000    -0.0000000000e+00     1.1759899794e-02    -0.0000000000e+00
   24.700000    -0.0000000000e+00     1.1383410205e-02    -0.0000000000e+00
   24.750000    -0.0000000000e+00     1.1021881126e-02    -0.0000000000e+00
   24.800000    -0.0000000000e+00     1.0690823452e-02    -0.0000000000e+00
   24.850000    -0.0000000000e+00     1.0404208290e-02    -0.0000000000e+00
   24.900000    -0.0000000000e+00     1.0174020370e-02    -0.0000000000e+00
   24.950000    -0.0000000000e+00     1.0008514908e-02    -0.0000000000e+00
   25.000000    -0.0000000000e+00     9.9098775685e-03    -0.0000000000e+00
   25.050000    -0.0000000000e+00     9.8725859773e-03    -0.0000000000e+00
   25.100000    -0.0000000000e+00     9.8837357243e-03     0.0000000000e+00
   25.150000    -0.0000000000e+00     9.9258519877e-03     0.0000000000e+00
   25.200000    -0.0000000000e+00     9.9815692448e-03     0.0000000000e+00
   25.250000    -0.0000000000e+00     1.0038585627e-02     0.0000000000e+00
   25.300000    -0.0000000000e+00     1.0092999116e-02     0.0000000000e+00
   25.350000    -0.0000000000e+00     1.0149686670e-02     0.0000000000e+00
   25.400000    -0.0000000000e+00     1.0219533510e-02     0.0000000000e+00
   25.450000    -0.0000000000e+00     1.0314517096e-02     0.0000000000e+00
   25.500000    -0.0000000000e+00     1.0442387456e-02     0.0000000000e+00
   25.550000     0.0000000000e+00     1.0602737926e-02     0.0000000000e+00
   25.600000     0.0000000000e+00     1.0785736764e-02     0.0000000000e+00
   25.650000     0.0000000000e+00     1.0973977128e-02     0.0000000000e+00
   25.700000     0.0000000000e+00     1.1147057010e-02     0.0000000000e+00
   25.750000     0.0000000000e+00     1.1287754804e-02     0.0000000000e+00
   25.800000     0.0000000000e+00     1.1388094422e-02     0.0000000000e+00
   25.850000     0.0000000000e+00     1.1453333119e-02     0.0000000000e+00
   25.900000     0.0000000000e+00     1.1502175208e-02     0.0000000000e+00
   25.950000     0.0000000000e+00     1.1562474848e-02     0.0000000000e+00
   26.000000     0.0000000000e+00     1.1663218103e-02     0.0000000000e+00
   26.050000     0.0000000000e+00     1.1825158664e-02     0.0000000000e+00
   26.100000     0.0000000000e+00     1.2053377068e-02     0.0000000000e+00
   26.150000     0.0000000000e+00     1.2334642713e-02     0.0000000000e+00
   26.200000     0.0000000000e+00     1.2640737149e-02     0.0000000000e+00
   26.250000     0.0000000000e+00     1.2936505136e-02     0.0000000000e+00
   26.300000     0.0000000000e+00     1.3189441668e-02     0.0000000000e+00
   26.350000     0.0000000000e+00     1.3377080238e-02     0.0000000000e+00
   26.400000     0.0000000000e+00     1.3489618657e-02     0.0000000000e+00
   26.450000     0.0000000000e+00     1.3527517997e-02     0.0000000000e+00
   26.500000     0.0000000000e+00     1.3496072597e-02     0.0000000000e+00
   26.550000     0.0000000000e+00     1.3400070314e-02     0.0000000000e+00
   26.600000     0.0000000000e+00     1.3241189426e-02     0.0000000000e+00
   26.650000     0.0000000000e+00     1.3019102837e-02     0.0000000000e+00
   26.700000     0.0000000000e+00     1.2735327122e-02     0.0000000000e+00
   26.750000    -0.0000000000e+00     1.2397607037e-02     0.0000000000e+00
   26.800000    -0.0000000000e+00     1.2022535249e-02     0.0000000000e+00
   26.850000    -0.0000000000e+00     1.1635027145e-02     0.0000000000e+00
   26.900000    -0.0000000000e+00     1.1264641813e-02     0.0000000000e+00
   26.950000    -0.0000000000e+00     1.0939937601e-02     0.0000000000e+00
   27.000000    -0.0000000000e+00     1.0682662067e-02    -0.0000000000e+00
   27.050000    -0.0000000000e+00     1.0503497609e-02    -0.0000000000e+00
   27.100000    -0.0000000000e+00     1.0400461486e-02    -0.0000000000e+00
   27.150000    -0.0000000000e+00     1.0360174703e-02    -0.0000000000e+00
   27.200000    -0.0000000000e+00     1.0361381975e-02    -0.0000000000e+00
   27.250000    -0.0000000000e+00     1.0379584031e-02    -0.0000000000e+00
   27.300000    -0.0000000000e+00     1.0391562931e-02    -0.0000000000e+00
   27.350000    -0.0000000000e+00     1.0378894848e-02    -0.0000000000e+00
   27.400000    -0.0000000000e+00     1.0330055843e-02     0.0000000000e+00
   27.450000    -0.0000000000e+00     1.0241188134e-02     0.0000000000e+00
   27.500000    -0.0000000000e+00     1.0115839935e-02     0.0000000000e+00
   27.550000    -0.0000000000e+00     9.9640041163e-03     0.0000000000e+00
   27.600000    -0.0000000000e+00     9.8006654001e-03     0.0000000000e+00
   27.650000    -0.0000000000e+00     9.6439528064e-03     0.0000000000e+00
   27.700000    -0.0000000000e+00     9.5129538994e-03     0.0000000000e+00
   27.750000    -0.0000000000e+00     9.4252761033e-03     0.0000000000e+00
   27.800000    -0.0000000000e+00     9.3945072733e-03     0.0000000000e+00
   27.850000    -0.0000000000e+00     9.4278210495e-03     0.0000000000e+00
   27.900000    -0.0000000000e+00     9.5240924916e-03     0.0000000000e+00
   27.950000    -0.0000000000e+00     9.6730011952e-03     0.0000000000e+00
   28.000000    -0.0000000000e+00     9.8556077623e-03     0.0000000000e+00
   28.050000    -0.0000000000e+00     1.0046686963e-02     0.0000000000e+00
   28.100000    -0.0000000000e+00     1.0218662661e-02     0.0000000000e+00
   28.150000    -0.0000000000e+00     1.0346442301e-02     0.0000000000e+00
   28.200000    -0.0000000000e+00     1.0412037219e-02     0.0000000000e+00
   28.250000    -0.0000000000e+00     1.0407811183e-02     0.0000000000e+00
   28.300000    -0.0000000000e+00     1.0337595355e-02     0.0000000000e+00
   28.350000    -0.0000000000e+00     1.0215591842e-02     0.0000000000e+00
   28.400000     0.0000000000e+00     1.0063652121e-02     0.0000000000e+00
   28.450000     0.0000000000e+00     9.9078579653e-03     0.0000000000e+00
   28.500000     0.0000000000e+00     9.7752201406e-03     0.0000000000e+00
   28.550000     0.0000000000e+00     9.6908623223e-03     0.0000000000e+00
   28.600000     0.0000000000e+00     9.6755817785e-03     0.0000000000e+00
   28.650000     0.0000000000e+00     9.7434941143e-03     0.0000000000e+00
   28.700000     0.0000000000e+00     9.8997079974e-03    -0.0000000000e+00
   28.750000     0.0000000000e+00     1.0138477291e-02    -0.0000000000e+00
   28.800000     0.0000000000e+00     1.0442670311e-02    -0.0000000000e+00
   28.850000     0.0000000000e+00     1.0785329281e-02    -0.0000000000e+00
   28.900000     0.0000000000e+00     1.1133487873e-02    -0.0000000000e+00
   28.950000     0.0000000000e+00     1.1453546995e-02    -0.0000000000e+00
   29.000000     0.0000000000e+00     1.1716853765e-02    -0.0000000000e+00
   29.050000     0.0000000000e+00     1.1904052955e-02     0.0000000000e+00
   29.100000     0.0000000000e+00     1.2007298977e-02     0.0000000000e+00
   29.150000     0.0000000000e+00     1.2030190324e-02     0.0000000000e+00
   29.200000     0.0000000000e+00     1.1985871996e-02     0.0000000000e+00
   29.250000     0.0000000000e+00     1.1893909003e-02     0.0000000000e+00
   29.300000     0.0000000000e+00     1.1776386060e-02     0.0000000000e+00
   29.350000     0.0000000000e+00     1.1653578163e-02     0.0000000000e+00
   29.400000     0.0000000000e+00     1.1539721183e-02     0.0000000000e+00
   29.450000     0.0000000000e+00     1.1439818549e-02     0.0000000000e+00
   29.500000     0.0000000000e+00     1.1348667140e-02     0.0000000000e+00
   29.550000     0.0000000000e+00     1.1252960046e-02    -0.0000000000e+00
   29.600000     0.0000000000e+00     1.1136328607e-02    -0.0000000000e+00
   29.650000     0.0000000000e+00     1.0985892522e-02    -0.0000000000e+00
   29.700000     0.0000000000e+00     1.0797970798e-02    -0.0000000000e+00
   29.750000     0.0000000000e+00     1.0580653369e-02    -0.0000000000e+00
   29.800000     0.0000000000e+00     1.0352061777e-02    -0.0000000000e+00
   29.850000     0.0000000000e+00     1.0134874081e-02    -0.0000000000e+00
   29.900000     0.0000000000e+00     9.9492352405e-03     0.0000000000e+00
   29.950000     0.0000000000e+00     9.8067829471e-03     0.0000000000e+00
   30.000000    -0.0000000000e+00     9.7079269097e-03     0.0000000000e+00
