# Photoabsorption spectrum from real-time propagation
# GPAW version: 19.8.1
# Total time = 44.9700 fs, Time steps = [30.0000] as
# Kick = [1e-05, 0, 0]
# Gaussian folding, Width = 0.2123 eV = 0.007802 Hartree <=> FWHM = 0.499928 eV
#    om (eV)                  S_x                  S_y                  S_z
    0.000000     0.0000000000e+00     0.0000000000e+00     0.0000000000e+00
    0.050000    -2.2688690474e-04    -0.0000000000e+00    -0.0000000000e+00
    0.100000    -8.5955805481e-04    -0.0000000000e+00    -0.0000000000e+00
    0.150000    -1.7691243921e-03    -0.0000000000e+00    -0.0000000000e+00
    0.200000    -2.7848241931e-03    -0.0000000000e+00    -0.0000000000e+00
    0.250000    -3.7414978469e-03    -0.0000000000e+00    -0.0000000000e+00
    0.300000    -4.5182552698e-03    -0.0000000000e+00    -0.0000000000e+00
    0.350000    -5.0568991136e-03    -0.0000000000e+00    -0.0000000000e+00
    0.400000    -5.3581563069e-03    -0.0000000000e+00    -0.0000000000e+00
    0.450000    -5.4618154363e-03    -0.0000000000e+00    -0.0000000000e+00
    0.500000    -5.4201490092e-03    -0.0000000000e+00    -0.0000000000e+00
    0.550000    -5.2723893698e-03    -0.0000000000e+00    -0.0000000000e+00
    0.600000    -5.0239190473e-03    -0.0000000000e+00    -0.0000000000e+00
    0.650000    -4.6303419149e-03    -0.0000000000e+00    -0.0000000000e+00
    0.700000    -3.9858749918e-03    -0.0000000000e+00    -0.0000000000e+00
    0.750000    -2.9178711427e-03    -0.0000000000e+00    -0.0000000000e+00
    0.800000    -1.1931485212e-03    -0.0000000000e+00    -0.0000000000e+00
    0.850000     1.4559436044e-03    -0.0000000000e+00    -0.0000000000e+00
    0.900000     5.2807438306e-03    -0.0000000000e+00    -0.0000000000e+00
    0.950000     1.0446207199e-02    -0.0000000000e+00    -0.0000000000e+00
    1.000000     1.6963382796e-02    -0.0000000000e+00    -0.0000000000e+00
    1.050000     2.4662024220e-02    -0.0000000000e+00    -0.0000000000e+00
    1.100000     3.3245186972e-02    -0.0000000000e+00    -0.0000000000e+00
    1.150000     4.2450274114e-02    -0.0000000000e+00    -0.0000000000e+00
    1.200000     5.2299285772e-02    -0.0000000000e+00    -0.0000000000e+00
    1.250000     6.3365210666e-02    -0.0000000000e+00    -0.0000000000e+00
    1.300000     7.6934258953e-02    -0.0000000000e+00    -0.0000000000e+00
    1.350000     9.4932627963e-02    -0.0000000000e+00    -0.0000000000e+00
    1.400000     1.1953202849e-01    -0.0000000000e+00    -0.0000000000e+00
    1.450000     1.5245116214e-01    -0.0000000000e+00    -0.0000000000e+00
    1.500000     1.9410546306e-01    -0.0000000000e+00    -0.0000000000e+00
    1.550000     2.4287582907e-01    -0.0000000000e+00    -0.0000000000e+00
    1.600000     2.9481040086e-01    -0.0000000000e+00    -0.0000000000e+00
    1.650000     3.4399866979e-01    -0.0000000000e+00    -0.0000000000e+00
    1.700000     3.8366475825e-01    -0.0000000000e+00    -0.0000000000e+00
    1.750000     4.0777664292e-01    -0.0000000000e+00    -0.0000000000e+00
    1.800000     4.1276718104e-01    -0.0000000000e+00    -0.0000000000e+00
    1.850000     3.9891848342e-01    -0.0000000000e+00    -0.0000000000e+00
    1.900000     3.7112034697e-01    -0.0000000000e+00    -0.0000000000e+00
    1.950000     3.3902141753e-01    -0.0000000000e+00    -0.0000000000e+00
    2.000000     3.1690071654e-01     0.0000000000e+00    -0.0000000000e+00
    2.050000     3.2371591176e-01     0.0000000000e+00    -0.0000000000e+00
    2.100000     3.8360175405e-01     0.0000000000e+00    -0.0000000000e+00
    2.150000     5.2658685927e-01     0.0000000000e+00    -0.0000000000e+00
    2.200000     7.8861766118e-01     0.0000000000e+00    -0.0000000000e+00
    2.250000     1.2094281513e+00     0.0000000000e+00    -0.0000000000e+00
    2.300000     1.8267705110e+00     0.0000000000e+00    -0.0000000000e+00
    2.350000     2.6663705702e+00     0.0000000000e+00     0.0000000000e+00
    2.400000     3.7287543459e+00     0.0000000000e+00     0.0000000000e+00
    2.450000     4.9763554959e+00     0.0000000000e+00     0.0000000000e+00
    2.500000     6.3260573040e+00     0.0000000000e+00     0.0000000000e+00
    2.550000     7.6523324159e+00     0.0000000000e+00     0.0000000000e+00
    2.600000     8.8036697931e+00     0.0000000000e+00     0.0000000000e+00
    2.650000     9.6304169808e+00     0.0000000000e+00     0.0000000000e+00
    2.700000     1.0017224412e+01     0.0000000000e+00     0.0000000000e+00
    2.750000     9.9103187826e+00     0.0000000000e+00     0.0000000000e+00
    2.800000     9.3306142910e+00     0.0000000000e+00     0.0000000000e+00
    2.850000     8.3682333700e+00     0.0000000000e+00     0.0000000000e+00
    2.900000     7.1604684376e+00     0.0000000000e+00     0.0000000000e+00
    2.950000     5.8607049194e+00     0.0000000000e+00     0.0000000000e+00
    3.000000     4.6080289676e+00     0.0000000000e+00     0.0000000000e+00
    3.050000     3.5055777202e+00     0.0000000000e+00     0.0000000000e+00
    3.100000     2.6114247033e+00     0.0000000000e+00     0.0000000000e+00
    3.150000     1.9411454863e+00     0.0000000000e+00     0.0000000000e+00
    3.200000     1.4780830882e+00     0.0000000000e+00     0.0000000000e+00
    3.250000     1.1864806380e+00     0.0000000000e+00     0.0000000000e+00
    3.300000     1.0236289464e+00    -0.0000000000e+00     0.0000000000e+00
    3.350000     9.4893260315e-01    -0.0000000000e+00     0.0000000000e+00
    3.400000     9.2936664905e-01    -0.0000000000e+00     0.0000000000e+00
    3.450000     9.4172086298e-01    -0.0000000000e+00     0.0000000000e+00
    3.500000     9.7235932432e-01    -0.0000000000e+00     0.0000000000e+00
    3.550000     1.0152482335e+00    -0.0000000000e+00     0.0000000000e+00
    3.600000     1.0689761595e+00     0.0000000000e+00     0.0000000000e+00
    3.650000     1.1334936229e+00     0.0000000000e+00     0.0000000000e+00
    3.700000     1.2072860675e+00     0.0000000000e+00     0.0000000000e+00
    3.750000     1.2855869446e+00     0.0000000000e+00     0.0000000000e+00
    3.800000     1.3600010841e+00     0.0000000000e+00     0.0000000000e+00
    3.850000     1.4195699598e+00     0.0000000000e+00     0.0000000000e+00
    3.900000     1.4529419717e+00     0.0000000000e+00     0.0000000000e+00
    3.950000     1.4510077355e+00     0.0000000000e+00     0.0000000000e+00
    4.000000     1.4092198981e+00     0.0000000000e+00     0.0000000000e+00
    4.050000     1.3289056201e+00     0.0000000000e+00     0.0000000000e+00
    4.100000     1.2171912269e+00     0.0000000000e+00     0.0000000000e+00
    4.150000     1.0855922305e+00     0.0000000000e+00     0.0000000000e+00
    4.200000     9.4771447245e-01     0.0000000000e+00     0.0000000000e+00
    4.250000     8.1671600317e-01     0.0000000000e+00     0.0000000000e+00
    4.300000     7.0314197660e-01     0.0000000000e+00     0.0000000000e+00
    4.350000     6.1353095065e-01     0.0000000000e+00     0.0000000000e+00
    4.400000     5.4993030793e-01     0.0000000000e+00     0.0000000000e+00
    4.450000     5.1025914307e-01     0.0000000000e+00     0.0000000000e+00
    4.500000     4.8934822805e-01     0.0000000000e+00     0.0000000000e+00
    4.550000     4.8042908702e-01     0.0000000000e+00     0.0000000000e+00
    4.600000     4.7678885344e-01     0.0000000000e+00     0.0000000000e+00
    4.650000     4.7325095571e-01    -0.0000000000e+00     0.0000000000e+00
    4.700000     4.6713209922e-01    -0.0000000000e+00     0.0000000000e+00
    4.750000     4.5842037719e-01    -0.0000000000e+00     0.0000000000e+00
    4.800000     4.4912812298e-01    -0.0000000000e+00     0.0000000000e+00
    4.850000     4.4203685744e-01    -0.0000000000e+00     0.0000000000e+00
    4.900000     4.3926544957e-01    -0.0000000000e+00     0.0000000000e+00
    4.950000     4.4116040652e-01    -0.0000000000e+00     0.0000000000e+00
    5.000000     4.4589189048e-01    -0.0000000000e+00     0.0000000000e+00
    5.050000     4.4988103399e-01    -0.0000000000e+00     0.0000000000e+00
    5.100000     4.4888312268e-01    -0.0000000000e+00     0.0000000000e+00
    5.150000     4.3932331737e-01     0.0000000000e+00     0.0000000000e+00
    5.200000     4.1941143035e-01     0.0000000000e+00     0.0000000000e+00
    5.250000     3.8966946722e-01     0.0000000000e+00     0.0000000000e+00
    5.300000     3.5273855970e-01     0.0000000000e+00     0.0000000000e+00
    5.350000     3.1259176419e-01     0.0000000000e+00     0.0000000000e+00
    5.400000     2.7346435165e-01     0.0000000000e+00     0.0000000000e+00
    5.450000     2.3886277822e-01     0.0000000000e+00     0.0000000000e+00
    5.500000     2.1092902974e-01     0.0000000000e+00     0.0000000000e+00
    5.550000     1.9027302348e-01     0.0000000000e+00     0.0000000000e+00
    5.600000     1.7621770204e-01     0.0000000000e+00     0.0000000000e+00
    5.650000     1.6729029704e-01    -0.0000000000e+00     0.0000000000e+00
    5.700000     1.6176397569e-01    -0.0000000000e+00     0.0000000000e+00
    5.750000     1.5809484575e-01    -0.0000000000e+00     0.0000000000e+00
    5.800000     1.5517578074e-01    -0.0000000000e+00     0.0000000000e+00
    5.850000     1.5240351765e-01    -0.0000000000e+00     0.0000000000e+00
    5.900000     1.4960422088e-01    -0.0000000000e+00     0.0000000000e+00
    5.950000     1.4687917505e-01    -0.0000000000e+00     0.0000000000e+00
    6.000000     1.4442579109e-01     0.0000000000e+00     0.0000000000e+00
    6.050000     1.4237473886e-01     0.0000000000e+00     0.0000000000e+00
    6.100000     1.4067246046e-01     0.0000000000e+00     0.0000000000e+00
    6.150000     1.3903095370e-01     0.0000000000e+00     0.0000000000e+00
    6.200000     1.3695789959e-01     0.0000000000e+00     0.0000000000e+00
    6.250000     1.3386431699e-01     0.0000000000e+00     0.0000000000e+00
    6.300000     1.2922470164e-01     0.0000000000e+00     0.0000000000e+00
    6.350000     1.2274423227e-01     0.0000000000e+00     0.0000000000e+00
    6.400000     1.1447992175e-01     0.0000000000e+00     0.0000000000e+00
    6.450000     1.0487383186e-01     0.0000000000e+00     0.0000000000e+00
    6.500000     9.4683826348e-02     0.0000000000e+00     0.0000000000e+00
    6.550000     8.4829980200e-02     0.0000000000e+00     0.0000000000e+00
    6.600000     7.6199729875e-02     0.0000000000e+00     0.0000000000e+00
    6.650000     6.9463720823e-02     0.0000000000e+00     0.0000000000e+00
    6.700000     6.4946560123e-02     0.0000000000e+00     0.0000000000e+00
    6.750000     6.2578202534e-02     0.0000000000e+00     0.0000000000e+00
    6.800000     6.1930330422e-02     0.0000000000e+00     0.0000000000e+00
    6.850000     6.2323620153e-02     0.0000000000e+00     0.0000000000e+00
    6.900000     6.2978732934e-02     0.0000000000e+00     0.0000000000e+00
    6.950000     6.3176803525e-02     0.0000000000e+00     0.0000000000e+00
    7.000000     6.2394581103e-02     0.0000000000e+00     0.0000000000e+00
    7.050000     6.0385923994e-02     0.0000000000e+00     0.0000000000e+00
    7.100000     5.7194813049e-02     0.0000000000e+00     0.0000000000e+00
    7.150000     5.3102765990e-02     0.0000000000e+00     0.0000000000e+00
    7.200000     4.8530439322e-02     0.0000000000e+00     0.0000000000e+00
    7.250000     4.3923701144e-02    -0.0000000000e+00     0.0000000000e+00
    7.300000     3.9655099810e-02    -0.0000000000e+00     0.0000000000e+00
    7.350000     3.5962876249e-02    -0.0000000000e+00     0.0000000000e+00
    7.400000     3.2935504794e-02    -0.0000000000e+00     0.0000000000e+00
    7.450000     3.0535753763e-02    -0.0000000000e+00     0.0000000000e+00
    7.500000     2.8648939893e-02    -0.0000000000e+00     0.0000000000e+00
    7.550000     2.7137225163e-02    -0.0000000000e+00     0.0000000000e+00
    7.600000     2.5884558539e-02     0.0000000000e+00     0.0000000000e+00
    7.650000     2.4822788084e-02     0.0000000000e+00     0.0000000000e+00
    7.700000     2.3936146280e-02     0.0000000000e+00     0.0000000000e+00
    7.750000     2.3247173138e-02     0.0000000000e+00     0.0000000000e+00
    7.800000     2.2791406519e-02     0.0000000000e+00     0.0000000000e+00
    7.850000     2.2590339801e-02     0.0000000000e+00    -0.0000000000e+00
    7.900000     2.2631752535e-02     0.0000000000e+00    -0.0000000000e+00
    7.950000     2.2863420418e-02     0.0000000000e+00    -0.0000000000e+00
    8.000000     2.3201152696e-02     0.0000000000e+00     0.0000000000e+00
    8.050000     2.3546866446e-02     0.0000000000e+00     0.0000000000e+00
    8.100000     2.3809157300e-02     0.0000000000e+00     0.0000000000e+00
    8.150000     2.3918969574e-02     0.0000000000e+00     0.0000000000e+00
    8.200000     2.3836252629e-02     0.0000000000e+00     0.0000000000e+00
    8.250000     2.3548055987e-02     0.0000000000e+00     0.0000000000e+00
    8.300000     2.3061947193e-02     0.0000000000e+00     0.0000000000e+00
    8.350000     2.2399355798e-02     0.0000000000e+00     0.0000000000e+00
    8.400000     2.1591564841e-02     0.0000000000e+00     0.0000000000e+00
    8.450000     2.0678167423e-02     0.0000000000e+00     0.0000000000e+00
    8.500000     1.9705832080e-02     0.0000000000e+00     0.0000000000e+00
    8.550000     1.8725269972e-02     0.0000000000e+00     0.0000000000e+00
    8.600000     1.7786023436e-02     0.0000000000e+00     0.0000000000e+00
    8.650000     1.6930692335e-02     0.0000000000e+00     0.0000000000e+00
    8.700000     1.6191027947e-02     0.0000000000e+00     0.0000000000e+00
    8.750000     1.5587401784e-02     0.0000000000e+00     0.0000000000e+00
    8.800000     1.5131141368e-02    -0.0000000000e+00     0.0000000000e+00
    8.850000     1.4827468641e-02    -0.0000000000e+00    -0.0000000000e+00
    8.900000     1.4676447152e-02    -0.0000000000e+00    -0.0000000000e+00
    8.950000     1.4670703986e-02    -0.0000000000e+00    -0.0000000000e+00
    9.000000     1.4790962165e-02    -0.0000000000e+00    -0.0000000000e+00
    9.050000     1.5002262555e-02    -0.0000000000e+00    -0.0000000000e+00
    9.100000     1.5254063098e-02    -0.0000000000e+00     0.0000000000e+00
    9.150000     1.5485927070e-02    -0.0000000000e+00     0.0000000000e+00
    9.200000     1.5637985763e-02    -0.0000000000e+00     0.0000000000e+00
    9.250000     1.5663081806e-02    -0.0000000000e+00     0.0000000000e+00
    9.300000     1.5536607490e-02    -0.0000000000e+00     0.0000000000e+00
    9.350000     1.5260928904e-02    -0.0000000000e+00     0.0000000000e+00
    9.400000     1.4863396425e-02    -0.0000000000e+00     0.0000000000e+00
    9.450000     1.4389187275e-02     0.0000000000e+00     0.0000000000e+00
    9.500000     1.3891576298e-02     0.0000000000e+00     0.0000000000e+00
    9.550000     1.3422260353e-02     0.0000000000e+00     0.0000000000e+00
    9.600000     1.3023396978e-02     0.0000000000e+00     0.0000000000e+00
    9.650000     1.2721853936e-02     0.0000000000e+00     0.0000000000e+00
    9.700000     1.2525542146e-02     0.0000000000e+00    -0.0000000000e+00
    9.750000     1.2421860743e-02     0.0000000000e+00    -0.0000000000e+00
    9.800000     1.2378851200e-02     0.0000000000e+00    -0.0000000000e+00
    9.850000     1.2349937142e-02     0.0000000000e+00     0.0000000000e+00
    9.900000     1.2282576592e-02     0.0000000000e+00     0.0000000000e+00
    9.950000     1.2129795357e-02     0.0000000000e+00     0.0000000000e+00
   10.000000     1.1862037160e-02     0.0000000000e+00     0.0000000000e+00
   10.050000     1.1475946420e-02     0.0000000000e+00     0.0000000000e+00
   10.100000     1.0997186458e-02    -0.0000000000e+00     0.0000000000e+00
   10.150000     1.0476103998e-02    -0.0000000000e+00     0.0000000000e+00
   10.200000     9.9772582943e-03    -0.0000000000e+00     0.0000000000e+00
   10.250000     9.5656144030e-03    -0.0000000000e+00     0.0000000000e+00
   10.300000     9.2929386380e-03     0.0000000000e+00     0.0000000000e+00
   10.350000     9.1875736326e-03     0.0000000000e+00     0.0000000000e+00
   10.400000     9.2496846293e-03     0.0000000000e+00     0.0000000000e+00
   10.450000     9.4527239343e-03     0.0000000000e+00     0.0000000000e+00
   10.500000     9.7505552609e-03     0.0000000000e+00     0.0000000000e+00
   10.550000     1.0088526328e-02     0.0000000000e+00     0.0000000000e+00
   10.600000     1.0415864871e-02     0.0000000000e+00     0.0000000000e+00
   10.650000     1.0696308939e-02     0.0000000000e+00     0.0000000000e+00
   10.700000     1.0914164469e-02     0.0000000000e+00     0.0000000000e+00
   10.750000     1.1074186075e-02     0.0000000000e+00     0.0000000000e+00
   10.800000     1.1195608518e-02     0.0000000000e+00    -0.0000000000e+00
   10.850000     1.1302682392e-02     0.0000000000e+00    -0.0000000000e+00
   10.900000     1.1415322990e-02     0.0000000000e+00    -0.0000000000e+00
   10.950000     1.1543305145e-02     0.0000000000e+00    -0.0000000000e+00
   11.000000     1.1685791589e-02     0.0000000000e+00    -0.0000000000e+00
   11.050000     1.1835573959e-02     0.0000000000e+00    -0.0000000000e+00
   11.100000     1.1985369186e-02     0.0000000000e+00    -0.0000000000e+00
   11.150000     1.2132814182e-02     0.0000000000e+00     0.0000000000e+00
   11.200000     1.2281704882e-02     0.0000000000e+00     0.0000000000e+00
   11.250000     1.2438981991e-02     0.0000000000e+00     0.0000000000e+00
   11.300000     1.2608967517e-02     0.0000000000e+00     0.0000000000e+00
   11.350000     1.2787520913e-02     0.0000000000e+00     0.0000000000e+00
   11.400000     1.2958775299e-02     0.0000000000e+00     0.0000000000e+00
   11.450000     1.3096169758e-02     0.0000000000e+00     0.0000000000e+00
   11.500000     1.3168121131e-02     0.0000000000e+00     0.0000000000e+00
   11.550000     1.3147312070e-02     0.0000000000e+00     0.0000000000e+00
   11.600000     1.3021434348e-02     0.0000000000e+00     0.0000000000e+00
   11.650000     1.2802437854e-02     0.0000000000e+00     0.0000000000e+00
   11.700000     1.2531088587e-02     0.0000000000e+00    -0.0000000000e+00
   11.750000     1.2274222280e-02     0.0000000000e+00    -0.0000000000e+00
   11.800000     1.2113685089e-02     0.0000000000e+00    -0.0000000000e+00
   11.850000     1.2128397189e-02     0.0000000000e+00    -0.0000000000e+00
   11.900000     1.2373578864e-02     0.0000000000e+00    -0.0000000000e+00
   11.950000     1.2862938309e-02     0.0000000000e+00    -0.0000000000e+00
   12.000000     1.3559635842e-02     0.0000000000e+00     0.0000000000e+00
   12.050000     1.4379778019e-02    -0.0000000000e+00     0.0000000000e+00
   12.100000     1.5208544905e-02     0.0000000000e+00     0.0000000000e+00
   12.150000     1.5925017274e-02     0.0000000000e+00     0.0000000000e+00
   12.200000     1.6428828092e-02     0.0000000000e+00     0.0000000000e+00
   12.250000     1.6661072517e-02     0.0000000000e+00     0.0000000000e+00
   12.300000     1.6613799359e-02     0.0000000000e+00     0.0000000000e+00
   12.350000     1.6326186144e-02     0.0000000000e+00     0.0000000000e+00
   12.400000     1.5869727284e-02     0.0000000000e+00     0.0000000000e+00
   12.450000     1.5327863634e-02     0.0000000000e+00     0.0000000000e+00
   12.500000     1.4776431589e-02     0.0000000000e+00     0.0000000000e+00
   12.550000     1.4270052381e-02     0.0000000000e+00     0.0000000000e+00
   12.600000     1.3836928207e-02     0.0000000000e+00     0.0000000000e+00
   12.650000     1.3481634653e-02     0.0000000000e+00     0.0000000000e+00
   12.700000     1.3193347816e-02     0.0000000000e+00     0.0000000000e+00
   12.750000     1.2955930460e-02     0.0000000000e+00     0.0000000000e+00
   12.800000     1.2756375281e-02     0.0000000000e+00     0.0000000000e+00
   12.850000     1.2589041766e-02     0.0000000000e+00     0.0000000000e+00
   12.900000     1.2454715343e-02     0.0000000000e+00     0.0000000000e+00
   12.950000     1.2355493832e-02     0.0000000000e+00     0.0000000000e+00
   13.000000     1.2288344476e-02     0.0000000000e+00     0.0000000000e+00
   13.050000     1.2241087029e-02    -0.0000000000e+00     0.0000000000e+00
   13.100000     1.2193835012e-02    -0.0000000000e+00     0.0000000000e+00
   13.150000     1.2126489281e-02    -0.0000000000e+00     0.0000000000e+00
   13.200000     1.2029615646e-02    -0.0000000000e+00     0.0000000000e+00
   13.250000     1.1913567942e-02    -0.0000000000e+00     0.0000000000e+00
   13.300000     1.1810560134e-02    -0.0000000000e+00     0.0000000000e+00
   13.350000     1.1767018060e-02    -0.0000000000e+00     0.0000000000e+00
   13.400000     1.1827923806e-02    -0.0000000000e+00     0.0000000000e+00
   13.450000     1.2018888309e-02    -0.0000000000e+00    -0.0000000000e+00
   13.500000     1.2333261955e-02    -0.0000000000e+00    -0.0000000000e+00
   13.550000     1.2729820337e-02    -0.0000000000e+00    -0.0000000000e+00
   13.600000     1.3142250999e-02    -0.0000000000e+00    -0.0000000000e+00
   13.650000     1.3496888971e-02    -0.0000000000e+00    -0.0000000000e+00
   13.700000     1.3732119225e-02    -0.0000000000e+00     0.0000000000e+00
   13.750000     1.3812804553e-02    -0.0000000000e+00     0.0000000000e+00
   13.800000     1.3735713759e-02     0.0000000000e+00     0.0000000000e+00
   13.850000     1.3525723574e-02     0.0000000000e+00     0.0000000000e+00
   13.900000     1.3225745792e-02     0.0000000000e+00     0.0000000000e+00
   13.950000     1.2884699398e-02     0.0000000000e+00     0.0000000000e+00
   14.000000     1.2547292650e-02     0.0000000000e+00     0.0000000000e+00
   14.050000     1.2247692504e-02     0.0000000000e+00     0.0000000000e+00
   14.100000     1.2007416146e-02     0.0000000000e+00     0.0000000000e+00
   14.150000     1.1836699351e-02    -0.0000000000e+00    -0.0000000000e+00
   14.200000     1.1738236707e-02    -0.0000000000e+00    -0.0000000000e+00
   14.250000     1.1712126758e-02    -0.0000000000e+00    -0.0000000000e+00
   14.300000     1.1760665639e-02     0.0000000000e+00    -0.0000000000e+00
   14.350000     1.1891301110e-02     0.0000000000e+00    -0.0000000000e+00
   14.400000     1.2116024794e-02     0.0000000000e+00    -0.0000000000e+00
   14.450000     1.2446276874e-02     0.0000000000e+00    -0.0000000000e+00
   14.500000     1.2884180223e-02     0.0000000000e+00     0.0000000000e+00
   14.550000     1.3413027569e-02     0.0000000000e+00     0.0000000000e+00
   14.600000     1.3991322546e-02     0.0000000000e+00     0.0000000000e+00
   14.650000     1.4554310775e-02     0.0000000000e+00     0.0000000000e+00
   14.700000     1.5024557094e-02     0.0000000000e+00     0.0000000000e+00
   14.750000     1.5329513116e-02     0.0000000000e+00     0.0000000000e+00
   14.800000     1.5420753041e-02    -0.0000000000e+00     0.0000000000e+00
   14.850000     1.5288249441e-02    -0.0000000000e+00     0.0000000000e+00
   14.900000     1.4964497038e-02    -0.0000000000e+00     0.0000000000e+00
   14.950000     1.4516939620e-02    -0.0000000000e+00     0.0000000000e+00
   15.000000     1.4031386500e-02    -0.0000000000e+00     0.0000000000e+00
   15.050000     1.3592038619e-02    -0.0000000000e+00     0.0000000000e+00
   15.100000     1.3264228274e-02    -0.0000000000e+00     0.0000000000e+00
   15.150000     1.3084132019e-02    -0.0000000000e+00     0.0000000000e+00
   15.200000     1.3056732570e-02     0.0000000000e+00     0.0000000000e+00
   15.250000     1.3160661021e-02     0.0000000000e+00     0.0000000000e+00
   15.300000     1.3357192319e-02     0.0000000000e+00     0.0000000000e+00
   15.350000     1.3600645653e-02     0.0000000000e+00     0.0000000000e+00
   15.400000     1.3848144114e-02     0.0000000000e+00     0.0000000000e+00
   15.450000     1.4067404494e-02     0.0000000000e+00     0.0000000000e+00
   15.500000     1.4241626860e-02     0.0000000000e+00     0.0000000000e+00
   15.550000     1.4370781944e-02     0.0000000000e+00     0.0000000000e+00
   15.600000     1.4469013605e-02     0.0000000000e+00     0.0000000000e+00
   15.650000     1.4558676918e-02     0.0000000000e+00     0.0000000000e+00
   15.700000     1.4662535054e-02     0.0000000000e+00     0.0000000000e+00
   15.750000     1.4796372501e-02     0.0000000000e+00     0.0000000000e+00
   15.800000     1.4964309634e-02     0.0000000000e+00     0.0000000000e+00
   15.850000     1.5158306893e-02     0.0000000000e+00     0.0000000000e+00
   15.900000     1.5362002837e-02    -0.0000000000e+00     0.0000000000e+00
   15.950000     1.5557639855e-02    -0.0000000000e+00     0.0000000000e+00
   16.000000     1.5733854977e-02    -0.0000000000e+00     0.0000000000e+00
   16.050000     1.5891800650e-02    -0.0000000000e+00     0.0000000000e+00
   16.100000     1.6047441635e-02     0.0000000000e+00     0.0000000000e+00
   16.150000     1.6228841217e-02     0.0000000000e+00     0.0000000000e+00
   16.200000     1.6468611313e-02     0.0000000000e+00     0.0000000000e+00
   16.250000     1.6793174793e-02     0.0000000000e+00     0.0000000000e+00
   16.300000     1.7211693377e-02     0.0000000000e+00     0.0000000000e+00
   16.350000     1.7708038173e-02     0.0000000000e+00     0.0000000000e+00
   16.400000     1.8238725568e-02     0.0000000000e+00     0.0000000000e+00
   16.450000     1.8738284734e-02     0.0000000000e+00     0.0000000000e+00
   16.500000     1.9131390754e-02     0.0000000000e+00     0.0000000000e+00
   16.550000     1.9348917430e-02     0.0000000000e+00     0.0000000000e+00
   16.600000     1.9343591808e-02     0.0000000000e+00     0.0000000000e+00
   16.650000     1.9100783568e-02     0.0000000000e+00     0.0000000000e+00
   16.700000     1.8641330451e-02     0.0000000000e+00     0.0000000000e+00
   16.750000     1.8015789979e-02     0.0000000000e+00     0.0000000000e+00
   16.800000     1.7292211700e-02     0.0000000000e+00     0.0000000000e+00
   16.850000     1.6541386851e-02     0.0000000000e+00     0.0000000000e+00
   16.900000     1.5823843963e-02     0.0000000000e+00     0.0000000000e+00
   16.950000     1.5181617969e-02     0.0000000000e+00     0.0000000000e+00
   17.000000     1.4635726356e-02     0.0000000000e+00    -0.0000000000e+00
   17.050000     1.4188348190e-02     0.0000000000e+00    -0.0000000000e+00
   17.100000     1.3827692128e-02     0.0000000000e+00    -0.0000000000e+00
   17.150000     1.3533622716e-02    -0.0000000000e+00    -0.0000000000e+00
   17.200000     1.3282866505e-02    -0.0000000000e+00    -0.0000000000e+00
   17.250000     1.3053389520e-02    -0.0000000000e+00    -0.0000000000e+00
   17.300000     1.2827886124e-02    -0.0000000000e+00    -0.0000000000e+00
   17.350000     1.2596246979e-02    -0.0000000000e+00     0.0000000000e+00
   17.400000     1.2356714271e-02     0.0000000000e+00     0.0000000000e+00
   17.450000     1.2115524695e-02     0.0000000000e+00     0.0000000000e+00
   17.500000     1.1885237945e-02     0.0000000000e+00     0.0000000000e+00
   17.550000     1.1682374781e-02     0.0000000000e+00     0.0000000000e+00
   17.600000     1.1525068918e-02     0.0000000000e+00     0.0000000000e+00
   17.650000     1.1431026028e-02     0.0000000000e+00     0.0000000000e+00
   17.700000     1.1415443164e-02     0.0000000000e+00     0.0000000000e+00
   17.750000     1.1488211293e-02     0.0000000000e+00     0.0000000000e+00
   17.800000     1.1650134950e-02     0.0000000000e+00     0.0000000000e+00
   17.850000     1.1888999259e-02     0.0000000000e+00     0.0000000000e+00
   17.900000     1.2177458375e-02     0.0000000000e+00     0.0000000000e+00
   17.950000     1.2475020025e-02     0.0000000000e+00     0.0000000000e+00
   18.000000     1.2735301263e-02     0.0000000000e+00     0.0000000000e+00
   18.050000     1.2917474298e-02     0.0000000000e+00     0.0000000000e+00
   18.100000     1.2998450924e-02     0.0000000000e+00     0.0000000000e+00
   18.150000     1.2981179729e-02     0.0000000000e+00     0.0000000000e+00
   18.200000     1.2895270603e-02     0.0000000000e+00     0.0000000000e+00
   18.250000     1.2788832992e-02     0.0000000000e+00     0.0000000000e+00
   18.300000     1.2713792846e-02     0.0000000000e+00     0.0000000000e+00
   18.350000     1.2709554039e-02    -0.0000000000e+00     0.0000000000e+00
   18.400000     1.2790590859e-02    -0.0000000000e+00     0.0000000000e+00
   18.450000     1.2942161011e-02    -0.0000000000e+00     0.0000000000e+00
   18.500000     1.3125456886e-02    -0.0000000000e+00     0.0000000000e+00
   18.550000     1.3290317203e-02    -0.0000000000e+00     0.0000000000e+00
   18.600000     1.3391244689e-02    -0.0000000000e+00     0.0000000000e+00
   18.650000     1.3401638057e-02    -0.0000000000e+00     0.0000000000e+00
   18.700000     1.3321962909e-02    -0.0000000000e+00     0.0000000000e+00
   18.750000     1.3179627602e-02     0.0000000000e+00     0.0000000000e+00
   18.800000     1.3020859066e-02     0.0000000000e+00     0.0000000000e+00
   18.850000     1.2897134826e-02     0.0000000000e+00     0.0000000000e+00
   18.900000     1.2850172104e-02     0.0000000000e+00     0.0000000000e+00
   18.950000     1.2899841290e-02     0.0000000000e+00     0.0000000000e+00
   19.000000     1.3038637412e-02     0.0000000000e+00     0.0000000000e+00
   19.050000     1.3234647922e-02     0.0000000000e+00     0.0000000000e+00
   19.100000     1.3442588734e-02     0.0000000000e+00     0.0000000000e+00
   19.150000     1.3619949368e-02     0.0000000000e+00     0.0000000000e+00
   19.200000     1.3743334434e-02     0.0000000000e+00     0.0000000000e+00
   19.250000     1.3819518579e-02     0.0000000000e+00     0.0000000000e+00
   19.300000     1.3887040105e-02     0.0000000000e+00     0.0000000000e+00
   19.350000     1.4007141769e-02     0.0000000000e+00     0.0000000000e+00
   19.400000     1.4246524289e-02     0.0000000000e+00     0.0000000000e+00
   19.450000     1.4657265198e-02     0.0000000000e+00     0.0000000000e+00
   19.500000     1.5260170262e-02     0.0000000000e+00     0.0000000000e+00
   19.550000     1.6036430975e-02     0.0000000000e+00     0.0000000000e+00
   19.600000     1.6929464554e-02     0.0000000000e+00     0.0000000000e+00
   19.650000     1.7855562224e-02     0.0000000000e+00     0.0000000000e+00
   19.700000     1.8719738133e-02     0.0000000000e+00     0.0000000000e+00
   19.750000     1.9432542395e-02     0.0000000000e+00     0.0000000000e+00
   19.800000     1.9924335008e-02     0.0000000000e+00    -0.0000000000e+00
   19.850000     2.0154874832e-02     0.0000000000e+00    -0.0000000000e+00
   19.900000     2.0117354846e-02    -0.0000000000e+00    -0.0000000000e+00
   19.950000     1.9836903251e-02    -0.0000000000e+00    -0.0000000000e+00
   20.000000     1.9364167922e-02    -0.0000000000e+00    -0.0000000000e+00
   20.050000     1.8765158059e-02    -0.0000000000e+00    -0.0000000000e+00
   20.100000     1.8109145566e-02    -0.0000000000e+00    -0.0000000000e+00
   20.150000     1.7456987626e-02    -0.0000000000e+00    -0.0000000000e+00
   20.200000     1.6852403353e-02     0.0000000000e+00     0.0000000000e+00
   20.250000     1.6318224088e-02     0.0000000000e+00     0.0000000000e+00
   20.300000     1.5858367624e-02     0.0000000000e+00     0.0000000000e+00
   20.350000     1.5464542841e-02     0.0000000000e+00     0.0000000000e+00
   20.400000     1.5125084491e-02     0.0000000000e+00     0.0000000000e+00
   20.450000     1.4832569726e-02     0.0000000000e+00     0.0000000000e+00
   20.500000     1.4587440602e-02     0.0000000000e+00     0.0000000000e+00
   20.550000     1.4396622754e-02     0.0000000000e+00     0.0000000000e+00
   20.600000     1.4268326855e-02     0.0000000000e+00     0.0000000000e+00
   20.650000     1.4205797432e-02     0.0000000000e+00     0.0000000000e+00
   20.700000     1.4202977658e-02    -0.0000000000e+00     0.0000000000e+00
   20.750000     1.4243869457e-02    -0.0000000000e+00     0.0000000000e+00
   20.800000     1.4305502686e-02    -0.0000000000e+00     0.0000000000e+00
   20.850000     1.4362889779e-02    -0.0000000000e+00     0.0000000000e+00
   20.900000     1.4393834701e-02    -0.0000000000e+00     0.0000000000e+00
   20.950000     1.4382037991e-02     0.0000000000e+00     0.0000000000e+00
   21.000000     1.4318073262e-02     0.0000000000e+00     0.0000000000e+00
   21.050000     1.4198804982e-02     0.0000000000e+00     0.0000000000e+00
   21.100000     1.4026206455e-02     0.0000000000e+00     0.0000000000e+00
   21.150000     1.3806284820e-02     0.0000000000e+00     0.0000000000e+00
   21.200000     1.3548248547e-02     0.0000000000e+00     0.0000000000e+00
   21.250000     1.3263600691e-02     0.0000000000e+00     0.0000000000e+00
   21.300000     1.2964804813e-02     0.0000000000e+00     0.0000000000e+00
   21.350000     1.2663550364e-02     0.0000000000e+00     0.0000000000e+00
   21.400000     1.2369155160e-02     0.0000000000e+00     0.0000000000e+00
   21.450000     1.2087887342e-02     0.0000000000e+00     0.0000000000e+00
   21.500000     1.1823714488e-02     0.0000000000e+00     0.0000000000e+00
   21.550000     1.1580273240e-02     0.0000000000e+00     0.0000000000e+00
   21.600000     1.1363097671e-02     0.0000000000e+00     0.0000000000e+00
   21.650000     1.1180828290e-02     0.0000000000e+00     0.0000000000e+00
   21.700000     1.1044487784e-02     0.0000000000e+00     0.0000000000e+00
   21.750000     1.0964783085e-02     0.0000000000e+00     0.0000000000e+00
   21.800000     1.0948298277e-02     0.0000000000e+00     0.0000000000e+00
   21.850000     1.0993913398e-02    -0.0000000000e+00     0.0000000000e+00
   21.900000     1.1090663568e-02    -0.0000000000e+00     0.0000000000e+00
   21.950000     1.1217745894e-02    -0.0000000000e+00     0.0000000000e+00
   22.000000     1.1346837443e-02     0.0000000000e+00     0.0000000000e+00
   22.050000     1.1446501946e-02     0.0000000000e+00     0.0000000000e+00
   22.100000     1.1488157813e-02     0.0000000000e+00     0.0000000000e+00
   22.150000     1.1452661999e-02     0.0000000000e+00     0.0000000000e+00
   22.200000     1.1336018607e-02     0.0000000000e+00     0.0000000000e+00
   22.250000     1.1152361550e-02     0.0000000000e+00     0.0000000000e+00
   22.300000     1.0932659781e-02     0.0000000000e+00     0.0000000000e+00
   22.350000     1.0718784034e-02     0.0000000000e+00     0.0000000000e+00
   22.400000     1.0554331811e-02     0.0000000000e+00     0.0000000000e+00
   22.450000     1.0475105126e-02     0.0000000000e+00     0.0000000000e+00
   22.500000     1.0502493025e-02     0.0000000000e+00     0.0000000000e+00
   22.550000     1.0641864553e-02     0.0000000000e+00     0.0000000000e+00
   22.600000     1.0885880335e-02     0.0000000000e+00     0.0000000000e+00
   22.650000     1.1220458396e-02     0.0000000000e+00     0.0000000000e+00
   22.700000     1.1630099464e-02     0.0000000000e+00     0.0000000000e+00
   22.750000     1.2099924122e-02     0.0000000000e+00     0.0000000000e+00
   22.800000     1.2613755620e-02     0.0000000000e+00     0.0000000000e+00
   22.850000     1.3149864600e-02     0.0000000000e+00     0.0000000000e+00
   22.900000     1.3677404937e-02     0.0000000000e+00    -0.0000000000e+00
   22.950000     1.4156410820e-02     0.0000000000e+00    -0.0000000000e+00
   23.000000     1.4542597872e-02     0.0000000000e+00    -0.0000000000e+00
   23.050000     1.4795935565e-02     0.0000000000e+00    -0.0000000000e+00
   23.100000     1.4890126579e-02     0.0000000000e+00    -0.0000000000e+00
   23.150000     1.4819559150e-02     0.0000000000e+00    -0.0000000000e+00
   23.200000     1.4601172909e-02     0.0000000000e+00    -0.0000000000e+00
   23.250000     1.4270528141e-02     0.0000000000e+00    -0.0000000000e+00
   23.300000     1.3873365522e-02     0.0000000000e+00     0.0000000000e+00
   23.350000     1.3455313856e-02     0.0000000000e+00     0.0000000000e+00
   23.400000     1.3052739210e-02     0.0000000000e+00     0.0000000000e+00
   23.450000     1.2687080263e-02     0.0000000000e+00     0.0000000000e+00
   23.500000     1.2363770237e-02     0.0000000000e+00     0.0000000000e+00
   23.550000     1.2075503939e-02     0.0000000000e+00     0.0000000000e+00
   23.600000     1.1808565961e-02     0.0000000000e+00     0.0000000000e+00
   23.650000     1.1550378762e-02     0.0000000000e+00     0.0000000000e+00
   23.700000     1.1296345761e-02     0.0000000000e+00     0.0000000000e+00
   23.750000     1.1054342119e-02     0.0000000000e+00     0.0000000000e+00
   23.800000     1.0845732673e-02    -0.0000000000e+00     0.0000000000e+00
   23.850000     1.0702503765e-02    -0.0000000000e+00     0.0000000000e+00
   23.900000     1.0660923429e-02    -0.0000000000e+00     0.0000000000e+00
   23.950000     1.0752975922e-02     0.0000000000e+00     0.0000000000e+00
   24.000000     1.0997455590e-02     0.0000000000e+00     0.0000000000e+00
   24.050000     1.1392835862e-02     0.0000000000e+00     0.0000000000e+00
   24.100000     1.1913731141e-02     0.0000000000e+00     0.0000000000e+00
   24.150000     1.2511999438e-02     0.0000000000e+00     0.0000000000e+00
   24.200000     1.3122510846e-02     0.0000000000e+00     0.0000000000e+00
   24.250000     1.3672605041e-02     0.0000000000e+00     0.0000000000e+00
   24.300000     1.4093492806e-02     0.0000000000e+00     0.0000000000e+00
   24.350000     1.4331432028e-02     0.0000000000e+00     0.0000000000e+00
   24.400000     1.4356475544e-02     0.0000000000e+00     0.0000000000e+00
   24.450000     1.4166983511e-02     0.0000000000e+00     0.0000000000e+00
   24.500000     1.3788924939e-02     0.0000000000e+00     0.0000000000e+00
   24.550000     1.3270156606e-02     0.0000000000e+00     0.0000000000e+00
   24.600000     1.2671080921e-02     0.0000000000e+00     0.0000000000e+00
   24.650000     1.2053946464e-02    -0.0000000000e+00     0.0000000000e+00
   24.700000     1.1473229816e-02    -0.0000000000e+00     0.0000000000e+00
   24.750000     1.0968955694e-02    -0.0000000000e+00     0.0000000000e+00
   24.800000     1.0563742585e-02    -0.0000000000e+00     0.0000000000e+00
   24.850000     1.0263280050e-02    -0.0000000000e+00     0.0000000000e+00
   24.900000     1.0059277022e-02     0.0000000000e+00     0.0000000000e+00
   24.950000     9.9338137244e-03     0.0000000000e+00     0.0000000000e+00
   25.000000     9.8642986230e-03     0.0000000000e+00     0.0000000000e+00
   25.050000     9.8285194571e-03     0.0000000000e+00     0.0000000000e+00
   25.100000     9.8093142976e-03     0.0000000000e+00     0.0000000000e+00
   25.150000     9.7981812709e-03     0.0000000000e+00     0.0000000000e+00
   25.200000     9.7969622484e-03     0.0000000000e+00     0.0000000000e+00
   25.250000     9.8168974326e-03     0.0000000000e+00     0.0000000000e+00
   25.300000     9.8749681321e-03     0.0000000000e+00     0.0000000000e+00
   25.350000     9.9883118576e-03     0.0000000000e+00     0.0000000000e+00
   25.400000     1.0168188261e-02     0.0000000000e+00     0.0000000000e+00
   25.450000     1.0415148917e-02     0.0000000000e+00     0.0000000000e+00
   25.500000     1.0716671615e-02     0.0000000000e+00     0.0000000000e+00
   25.550000     1.1047818654e-02     0.0000000000e+00     0.0000000000e+00
   25.600000     1.1374811911e-02     0.0000000000e+00     0.0000000000e+00
   25.650000     1.1660958160e-02    -0.0000000000e+00     0.0000000000e+00
   25.700000     1.1874029912e-02    -0.0000000000e+00     0.0000000000e+00
   25.750000     1.1993844325e-02    -0.0000000000e+00     0.0000000000e+00
   25.800000     1.2018375021e-02     0.0000000000e+00     0.0000000000e+00
   25.850000     1.1966526345e-02     0.0000000000e+00     0.0000000000e+00
   25.900000     1.1876054416e-02     0.0000000000e+00     0.0000000000e+00
   25.950000     1.1796211932e-02     0.0000000000e+00     0.0000000000e+00
   26.000000     1.1776312936e-02     0.0000000000e+00     0.0000000000e+00
   26.050000     1.1852990614e-02     0.0000000000e+00    -0.0000000000e+00
   26.100000     1.2039781632e-02     0.0000000000e+00    -0.0000000000e+00
   26.150000     1.2322353086e-02     0.0000000000e+00    -0.0000000000e+00
   26.200000     1.2661163430e-02     0.0000000000e+00    -0.0000000000e+00
   26.250000     1.3001058324e-02     0.0000000000e+00    -0.0000000000e+00
   26.300000     1.3285022300e-02     0.0000000000e+00    -0.0000000000e+00
   26.350000     1.3467883481e-02     0.0000000000e+00    -0.0000000000e+00
   26.400000     1.3525793749e-02     0.0000000000e+00     0.0000000000e+00
   26.450000     1.3458844700e-02     0.0000000000e+00     0.0000000000e+00
   26.500000     1.3286672334e-02     0.0000000000e+00     0.0000000000e+00
   26.550000     1.3039356305e-02     0.0000000000e+00     0.0000000000e+00
   26.600000     1.2747329511e-02     0.0000000000e+00     0.0000000000e+00
   26.650000     1.2433847146e-02     0.0000000000e+00     0.0000000000e+00
   26.700000     1.2112021986e-02     0.0000000000e+00     0.0000000000e+00
   26.750000     1.1786334692e-02     0.0000000000e+00     0.0000000000e+00
   26.800000     1.1456869240e-02     0.0000000000e+00     0.0000000000e+00
   26.850000     1.1123953116e-02    -0.0000000000e+00     0.0000000000e+00
   26.900000     1.0791408931e-02    -0.0000000000e+00     0.0000000000e+00
   26.950000     1.0467710046e-02    -0.0000000000e+00     0.0000000000e+00
   27.000000     1.0165284844e-02    -0.0000000000e+00     0.0000000000e+00
   27.050000     9.8986145512e-03    -0.0000000000e+00     0.0000000000e+00
   27.100000     9.6816686027e-03    -0.0000000000e+00     0.0000000000e+00
   27.150000     9.5249982249e-03    -0.0000000000e+00     0.0000000000e+00
   27.200000     9.4328234620e-03     0.0000000000e+00     0.0000000000e+00
   27.250000     9.4007503884e-03     0.0000000000e+00     0.0000000000e+00
   27.300000     9.4150469825e-03     0.0000000000e+00     0.0000000000e+00
   27.350000     9.4542858595e-03     0.0000000000e+00     0.0000000000e+00
   27.400000     9.4934560354e-03     0.0000000000e+00     0.0000000000e+00
   27.450000     9.5095943850e-03     0.0000000000e+00     0.0000000000e+00
   27.500000     9.4871426586e-03     0.0000000000e+00     0.0000000000e+00
   27.550000     9.4211306504e-03     0.0000000000e+00     0.0000000000e+00
   27.600000     9.3170851831e-03     0.0000000000e+00     0.0000000000e+00
   27.650000     9.1879259167e-03     0.0000000000e+00     0.0000000000e+00
   27.700000     9.0493504900e-03     0.0000000000e+00     0.0000000000e+00
   27.750000     8.9156915016e-03     0.0000000000e+00     0.0000000000e+00
   27.800000     8.7977136318e-03     0.0000000000e+00     0.0000000000e+00
   27.850000     8.7026234909e-03     0.0000000000e+00     0.0000000000e+00
   27.900000     8.6353668011e-03     0.0000000000e+00     0.0000000000e+00
   27.950000     8.5997443937e-03     0.0000000000e+00     0.0000000000e+00
   28.000000     8.5982554519e-03     0.0000000000e+00     0.0000000000e+00
   28.050000     8.6306096160e-03     0.0000000000e+00     0.0000000000e+00
   28.100000     8.6919129149e-03     0.0000000000e+00     0.0000000000e+00
   28.150000     8.7720012548e-03     0.0000000000e+00     0.0000000000e+00
   28.200000     8.8569927293e-03     0.0000000000e+00     0.0000000000e+00
   28.250000     8.9330657377e-03     0.0000000000e+00     0.0000000000e+00
   28.300000     8.9913054719e-03     0.0000000000e+00     0.0000000000e+00
   28.350000     9.0317949245e-03     0.0000000000e+00     0.0000000000e+00
   28.400000     9.0652784008e-03     0.0000000000e+00     0.0000000000e+00
   28.450000     9.1115947601e-03     0.0000000000e+00     0.0000000000e+00
   28.500000     9.1952342344e-03     0.0000000000e+00     0.0000000000e+00
   28.550000     9.3393114337e-03     0.0000000000e+00     0.0000000000e+00
   28.600000     9.5596435619e-03     0.0000000000e+00     0.0000000000e+00
   28.650000     9.8604455116e-03     0.0000000000e+00     0.0000000000e+00
   28.700000     1.0232593975e-02     0.0000000000e+00     0.0000000000e+00
   28.750000     1.0654718221e-02     0.0000000000e+00     0.0000000000e+00
   28.800000     1.1096720763e-02     0.0000000000e+00     0.0000000000e+00
   28.850000     1.1524809195e-02     0.0000000000e+00     0.0000000000e+00
   28.900000     1.1906809626e-02     0.0000000000e+00     0.0000000000e+00
   28.950000     1.2216536914e-02     0.0000000000e+00     0.0000000000e+00
   29.000000     1.2436387201e-02     0.0000000000e+00     0.0000000000e+00
   29.050000     1.2558012801e-02     0.0000000000e+00     0.0000000000e+00
   29.100000     1.2581657773e-02     0.0000000000e+00     0.0000000000e+00
   29.150000     1.2515104460e-02     0.0000000000e+00     0.0000000000e+00
   29.200000     1.2372974476e-02     0.0000000000e+00     0.0000000000e+00
   29.250000     1.2176434806e-02     0.0000000000e+00     0.0000000000e+00
   29.300000     1.1952591346e-02     0.0000000000e+00     0.0000000000e+00
   29.350000     1.1732512554e-02     0.0000000000e+00     0.0000000000e+00
   29.400000     1.1547205901e-02     0.0000000000e+00     0.0000000000e+00
   29.450000     1.1421854249e-02     0.0000000000e+00     0.0000000000e+00
   29.500000     1.1369729809e-02     0.0000000000e+00     0.0000000000e+00
   29.550000     1.1387848253e-02     0.0000000000e+00     0.0000000000e+00
   29.600000     1.1456210553e-02     0.0000000000e+00     0.0000000000e+00
   29.650000     1.1541415612e-02     0.0000000000e+00     0.0000000000e+00
   29.700000     1.1603933840e-02     0.0000000000e+00     0.0000000000e+00
   29.750000     1.1607047698e-02     0.0000000000e+00     0.0000000000e+00
   29.800000     1.1524939879e-02     0.0000000000e+00    -0.0000000000e+00
   29.850000     1.1347836575e-02     0.0000000000e+00    -0.0000000000e+00
   29.900000     1.1083236410e-02     0.0000000000e+00    -0.0000000000e+00
   29.950000     1.0753516689e-02     0.0000000000e+00    -0.0000000000e+00
   30.000000     1.0391063477e-02     0.0000000000e+00     0.0000000000e+00
