# Photoabsorption spectrum from real-time propagation
# GPAW version: 19.8.1
# Total time = 44.9700 fs, Time steps = [30.0000] as
# Kick = [0, 0, 1e-05]
# Gaussian folding, Width = 0.2123 eV = 0.007802 Hartree <=> FWHM = 0.499928 eV
#    om (eV)                  S_x                  S_y                  S_z
    0.000000     0.0000000000e+00     0.0000000000e+00     0.0000000000e+00
    0.050000    -0.0000000000e+00     0.0000000000e+00    -4.5016296704e-04
    0.100000    -0.0000000000e+00     0.0000000000e+00    -1.7051333710e-03
    0.150000    -0.0000000000e+00     0.0000000000e+00    -3.5084817079e-03
    0.200000    -0.0000000000e+00     0.0000000000e+00    -5.5207941194e-03
    0.250000    -0.0000000000e+00     0.0000000000e+00    -7.4143708450e-03
    0.300000    -0.0000000000e+00     0.0000000000e+00    -8.9502761533e-03
    0.350000    -0.0000000000e+00     0.0000000000e+00    -1.0015208628e-02
    0.400000    -0.0000000000e+00     0.0000000000e+00    -1.0614979841e-02
    0.450000    -0.0000000000e+00     0.0000000000e+00    -1.0837855461e-02
    0.500000    -0.0000000000e+00     0.0000000000e+00    -1.0807934190e-02
    0.550000    -0.0000000000e+00     0.0000000000e+00    -1.0645720492e-02
    0.600000    -0.0000000000e+00     0.0000000000e+00    -1.0444490939e-02
    0.650000    -0.0000000000e+00     0.0000000000e+00    -1.0262471678e-02
    0.700000    -0.0000000000e+00     0.0000000000e+00    -1.0125754958e-02
    0.750000    -0.0000000000e+00     0.0000000000e+00    -1.0035854677e-02
    0.800000    -0.0000000000e+00     0.0000000000e+00    -9.9773752056e-03
    0.850000    -0.0000000000e+00     0.0000000000e+00    -9.9235230910e-03
    0.900000    -0.0000000000e+00     0.0000000000e+00    -9.8388694830e-03
    0.950000    -0.0000000000e+00     0.0000000000e+00    -9.6795878710e-03
    1.000000    -0.0000000000e+00     0.0000000000e+00    -9.3917354191e-03
    1.050000    -0.0000000000e+00     0.0000000000e+00    -8.9085384949e-03
    1.100000    -0.0000000000e+00     0.0000000000e+00    -8.1482214889e-03
    1.150000    -0.0000000000e+00     0.0000000000e+00    -7.0140959221e-03
    1.200000    -0.0000000000e+00     0.0000000000e+00    -5.3970880849e-03
    1.250000    -0.0000000000e+00     0.0000000000e+00    -3.1761107279e-03
    1.300000    -0.0000000000e+00     0.0000000000e+00    -2.0310286463e-04
    1.350000    -0.0000000000e+00     0.0000000000e+00     3.7509580737e-03
    1.400000    -0.0000000000e+00     0.0000000000e+00     9.1197495469e-03
    1.450000     0.0000000000e+00     0.0000000000e+00     1.6760257828e-02
    1.500000     0.0000000000e+00     0.0000000000e+00     2.8264255261e-02
    1.550000     0.0000000000e+00     0.0000000000e+00     4.6306759709e-02
    1.600000     0.0000000000e+00     0.0000000000e+00     7.4905139377e-02
    1.650000     0.0000000000e+00     0.0000000000e+00     1.1940655359e-01
    1.700000     0.0000000000e+00     0.0000000000e+00     1.8603264987e-01
    1.750000    -0.0000000000e+00     0.0000000000e+00     2.8094418681e-01
    1.800000    -0.0000000000e+00     0.0000000000e+00     4.0906130917e-01
    1.850000    -0.0000000000e+00     0.0000000000e+00     5.7321569177e-01
    1.900000    -0.0000000000e+00     0.0000000000e+00     7.7443530728e-01
    1.950000    -0.0000000000e+00     0.0000000000e+00     1.0140250588e+00
    2.000000    -0.0000000000e+00     0.0000000000e+00     1.2974348991e+00
    2.050000    -0.0000000000e+00     0.0000000000e+00     1.6387797598e+00
    2.100000    -0.0000000000e+00     0.0000000000e+00     2.0637239545e+00
    2.150000    -0.0000000000e+00     0.0000000000e+00     2.6079578047e+00
    2.200000    -0.0000000000e+00     0.0000000000e+00     3.3093041421e+00
    2.250000    -0.0000000000e+00     0.0000000000e+00     4.1937315068e+00
    2.300000    -0.0000000000e+00     0.0000000000e+00     5.2585744903e+00
    2.350000     0.0000000000e+00     0.0000000000e+00     6.4587526685e+00
    2.400000     0.0000000000e+00     0.0000000000e+00     7.7023094589e+00
    2.450000     0.0000000000e+00     0.0000000000e+00     8.8594066850e+00
    2.500000     0.0000000000e+00     0.0000000000e+00     9.7844975249e+00
    2.550000     0.0000000000e+00     0.0000000000e+00     1.0346441196e+01
    2.600000     0.0000000000e+00     0.0000000000e+00     1.0457956249e+01
    2.650000     0.0000000000e+00     0.0000000000e+00     1.0095572616e+01
    2.700000     0.0000000000e+00    -0.0000000000e+00     9.3042864008e+00
    2.750000     0.0000000000e+00    -0.0000000000e+00     8.1861540335e+00
    2.800000     0.0000000000e+00    -0.0000000000e+00     6.8770284034e+00
    2.850000     0.0000000000e+00    -0.0000000000e+00     5.5187100127e+00
    2.900000     0.0000000000e+00    -0.0000000000e+00     4.2341136031e+00
    2.950000     0.0000000000e+00    -0.0000000000e+00     3.1109567963e+00
    3.000000     0.0000000000e+00    -0.0000000000e+00     2.1961035191e+00
    3.050000     0.0000000000e+00    -0.0000000000e+00     1.4993968605e+00
    3.100000     0.0000000000e+00     0.0000000000e+00     1.0036192309e+00
    3.150000     0.0000000000e+00     0.0000000000e+00     6.7653424939e-01
    3.200000     0.0000000000e+00     0.0000000000e+00     4.8160565164e-01
    3.250000     0.0000000000e+00     0.0000000000e+00     3.8538862337e-01
    3.300000     0.0000000000e+00     0.0000000000e+00     3.6110426799e-01
    3.350000     0.0000000000e+00     0.0000000000e+00     3.8905464696e-01
    3.400000     0.0000000000e+00     0.0000000000e+00     4.5510000830e-01
    3.450000     0.0000000000e+00     0.0000000000e+00     5.4843918734e-01
    3.500000     0.0000000000e+00     0.0000000000e+00     6.5960381607e-01
    3.550000     0.0000000000e+00     0.0000000000e+00     7.7913670385e-01
    3.600000     0.0000000000e+00     0.0000000000e+00     8.9706509408e-01
    3.650000     0.0000000000e+00     0.0000000000e+00     1.0030845231e+00
    3.700000     0.0000000000e+00     0.0000000000e+00     1.0873083329e+00
    3.750000     0.0000000000e+00     0.0000000000e+00     1.1414136714e+00
    3.800000     0.0000000000e+00     0.0000000000e+00     1.1599449982e+00
    3.850000     0.0000000000e+00     0.0000000000e+00     1.1414244073e+00
    3.900000     0.0000000000e+00     0.0000000000e+00     1.0888575232e+00
    3.950000     0.0000000000e+00     0.0000000000e+00     1.0093228382e+00
    4.000000     0.0000000000e+00     0.0000000000e+00     9.1261572390e-01
    4.050000     0.0000000000e+00     0.0000000000e+00     8.0928122304e-01
    4.100000     0.0000000000e+00     0.0000000000e+00     7.0862946120e-01
    4.150000     0.0000000000e+00     0.0000000000e+00     6.1733869024e-01
    4.200000     0.0000000000e+00     0.0000000000e+00     5.3900055858e-01
    4.250000     0.0000000000e+00     0.0000000000e+00     4.7457765313e-01
    4.300000     0.0000000000e+00     0.0000000000e+00     4.2341286665e-01
    4.350000     0.0000000000e+00     0.0000000000e+00     3.8429505767e-01
    4.400000     0.0000000000e+00     0.0000000000e+00     3.5617432795e-01
    4.450000     0.0000000000e+00    -0.0000000000e+00     3.3835488810e-01
    4.500000     0.0000000000e+00    -0.0000000000e+00     3.3024751914e-01
    4.550000     0.0000000000e+00    -0.0000000000e+00     3.3092921686e-01
    4.600000     0.0000000000e+00    -0.0000000000e+00     3.3878620388e-01
    4.650000     0.0000000000e+00    -0.0000000000e+00     3.5142464239e-01
    4.700000     0.0000000000e+00    -0.0000000000e+00     3.6588286268e-01
    4.750000     0.0000000000e+00    -0.0000000000e+00     3.7904501206e-01
    4.800000     0.0000000000e+00     0.0000000000e+00     3.8809471680e-01
    4.850000     0.0000000000e+00     0.0000000000e+00     3.9087198599e-01
    4.900000     0.0000000000e+00     0.0000000000e+00     3.8607492130e-01
    4.950000     0.0000000000e+00     0.0000000000e+00     3.7332385698e-01
    5.000000     0.0000000000e+00     0.0000000000e+00     3.5313570841e-01
    5.050000     0.0000000000e+00     0.0000000000e+00     3.2683620446e-01
    5.100000     0.0000000000e+00     0.0000000000e+00     2.9640054398e-01
    5.150000     0.0000000000e+00     0.0000000000e+00     2.6420067494e-01
    5.200000     0.0000000000e+00     0.0000000000e+00     2.3266686071e-01
    5.250000    -0.0000000000e+00     0.0000000000e+00     2.0392278273e-01
    5.300000    -0.0000000000e+00     0.0000000000e+00     1.7948798233e-01
    5.350000    -0.0000000000e+00     0.0000000000e+00     1.6013097360e-01
    5.400000    -0.0000000000e+00     0.0000000000e+00     1.4590356415e-01
    5.450000     0.0000000000e+00     0.0000000000e+00     1.3632083228e-01
    5.500000     0.0000000000e+00     0.0000000000e+00     1.3060576217e-01
    5.550000     0.0000000000e+00     0.0000000000e+00     1.2791090808e-01
    5.600000     0.0000000000e+00     0.0000000000e+00     1.2745743652e-01
    5.650000     0.0000000000e+00     0.0000000000e+00     1.2857570873e-01
    5.700000     0.0000000000e+00     0.0000000000e+00     1.3067095622e-01
    5.750000     0.0000000000e+00     0.0000000000e+00     1.3315983838e-01
    5.800000     0.0000000000e+00     0.0000000000e+00     1.3542541719e-01
    5.850000     0.0000000000e+00     0.0000000000e+00     1.3682283747e-01
    5.900000     0.0000000000e+00     0.0000000000e+00     1.3674296238e-01
    5.950000     0.0000000000e+00     0.0000000000e+00     1.3471520043e-01
    6.000000     0.0000000000e+00     0.0000000000e+00     1.3051247376e-01
    6.050000     0.0000000000e+00     0.0000000000e+00     1.2421709425e-01
    6.100000     0.0000000000e+00     0.0000000000e+00     1.1621799482e-01
    6.150000     0.0000000000e+00     0.0000000000e+00     1.0713330855e-01
    6.200000     0.0000000000e+00     0.0000000000e+00     9.7678915571e-02
    6.250000     0.0000000000e+00     0.0000000000e+00     8.8522800958e-02
    6.300000     0.0000000000e+00     0.0000000000e+00     8.0168938327e-02
    6.350000     0.0000000000e+00     0.0000000000e+00     7.2901255065e-02
    6.400000     0.0000000000e+00     0.0000000000e+00     6.6793924437e-02
    6.450000     0.0000000000e+00     0.0000000000e+00     6.1769813774e-02
    6.500000     0.0000000000e+00     0.0000000000e+00     5.7675205764e-02
    6.550000     0.0000000000e+00     0.0000000000e+00     5.4340855146e-02
    6.600000     0.0000000000e+00     0.0000000000e+00     5.1613746945e-02
    6.650000     0.0000000000e+00     0.0000000000e+00     4.9361476622e-02
    6.700000     0.0000000000e+00     0.0000000000e+00     4.7462745445e-02
    6.750000     0.0000000000e+00     0.0000000000e+00     4.5798856839e-02
    6.800000    -0.0000000000e+00     0.0000000000e+00     4.4254560725e-02
    6.850000    -0.0000000000e+00     0.0000000000e+00     4.2728095017e-02
    6.900000    -0.0000000000e+00     0.0000000000e+00     4.1145062781e-02
    6.950000    -0.0000000000e+00     0.0000000000e+00     3.9470401515e-02
    7.000000     0.0000000000e+00     0.0000000000e+00     3.7715125045e-02
    7.050000     0.0000000000e+00     0.0000000000e+00     3.5936653225e-02
    7.100000     0.0000000000e+00     0.0000000000e+00     3.4231850222e-02
    7.150000     0.0000000000e+00     0.0000000000e+00     3.2721276195e-02
    7.200000     0.0000000000e+00     0.0000000000e+00     3.1523800552e-02
    7.250000     0.0000000000e+00     0.0000000000e+00     3.0723984385e-02
    7.300000     0.0000000000e+00     0.0000000000e+00     3.0339632942e-02
    7.350000     0.0000000000e+00     0.0000000000e+00     3.0300763049e-02
    7.400000     0.0000000000e+00     0.0000000000e+00     3.0450771410e-02
    7.450000     0.0000000000e+00     0.0000000000e+00     3.0574540639e-02
    7.500000     0.0000000000e+00     0.0000000000e+00     3.0448369005e-02
    7.550000     0.0000000000e+00     0.0000000000e+00     2.9897261944e-02
    7.600000     0.0000000000e+00     0.0000000000e+00     2.8840939285e-02
    7.650000     0.0000000000e+00     0.0000000000e+00     2.7313316972e-02
    7.700000     0.0000000000e+00     0.0000000000e+00     2.5449928617e-02
    7.750000     0.0000000000e+00     0.0000000000e+00     2.3449359499e-02
    7.800000     0.0000000000e+00     0.0000000000e+00     2.1523119347e-02
    7.850000     0.0000000000e+00     0.0000000000e+00     1.9850260371e-02
    7.900000     0.0000000000e+00     0.0000000000e+00     1.8548588923e-02
    7.950000     0.0000000000e+00     0.0000000000e+00     1.7666472075e-02
    8.000000     0.0000000000e+00     0.0000000000e+00     1.7191843096e-02
    8.050000     0.0000000000e+00     0.0000000000e+00     1.7070797963e-02
    8.100000     0.0000000000e+00     0.0000000000e+00     1.7227815583e-02
    8.150000     0.0000000000e+00     0.0000000000e+00     1.7582037465e-02
    8.200000     0.0000000000e+00     0.0000000000e+00     1.8057409953e-02
    8.250000     0.0000000000e+00     0.0000000000e+00     1.8587315443e-02
    8.300000     0.0000000000e+00     0.0000000000e+00     1.9115840141e-02
    8.350000     0.0000000000e+00     0.0000000000e+00     1.9597968618e-02
    8.400000     0.0000000000e+00     0.0000000000e+00     2.0000093721e-02
    8.450000     0.0000000000e+00     0.0000000000e+00     2.0300841420e-02
    8.500000     0.0000000000e+00     0.0000000000e+00     2.0491037029e-02
    8.550000     0.0000000000e+00     0.0000000000e+00     2.0571375992e-02
    8.600000     0.0000000000e+00     0.0000000000e+00     2.0547344926e-02
    8.650000     0.0000000000e+00     0.0000000000e+00     2.0422778174e-02
    8.700000     0.0000000000e+00     0.0000000000e+00     2.0195022850e-02
    8.750000     0.0000000000e+00     0.0000000000e+00     1.9854782713e-02
    8.800000    -0.0000000000e+00     0.0000000000e+00     1.9391842448e-02
    8.850000    -0.0000000000e+00     0.0000000000e+00     1.8804848862e-02
    8.900000    -0.0000000000e+00     0.0000000000e+00     1.8110870702e-02
    8.950000    -0.0000000000e+00     0.0000000000e+00     1.7350105793e-02
    9.000000    -0.0000000000e+00     0.0000000000e+00     1.6583122102e-02
    9.050000    -0.0000000000e+00     0.0000000000e+00     1.5881215190e-02
    9.100000     0.0000000000e+00     0.0000000000e+00     1.5313023901e-02
    9.150000     0.0000000000e+00     0.0000000000e+00     1.4931274182e-02
    9.200000     0.0000000000e+00     0.0000000000e+00     1.4762551138e-02
    9.250000     0.0000000000e+00     0.0000000000e+00     1.4801480590e-02
    9.300000     0.0000000000e+00     0.0000000000e+00     1.5009780330e-02
    9.350000     0.0000000000e+00     0.0000000000e+00     1.5320571577e-02
    9.400000     0.0000000000e+00     0.0000000000e+00     1.5648395101e-02
    9.450000     0.0000000000e+00     0.0000000000e+00     1.5904581136e-02
    9.500000     0.0000000000e+00     0.0000000000e+00     1.6015706557e-02
    9.550000     0.0000000000e+00     0.0000000000e+00     1.5940677307e-02
    9.600000     0.0000000000e+00     0.0000000000e+00     1.5680987924e-02
    9.650000     0.0000000000e+00     0.0000000000e+00     1.5280050371e-02
    9.700000     0.0000000000e+00     0.0000000000e+00     1.4811027851e-02
    9.750000    -0.0000000000e+00     0.0000000000e+00     1.4356884393e-02
    9.800000    -0.0000000000e+00     0.0000000000e+00     1.3989302913e-02
    9.850000    -0.0000000000e+00     0.0000000000e+00     1.3753239278e-02
    9.900000    -0.0000000000e+00     0.0000000000e+00     1.3661114118e-02
    9.950000    -0.0000000000e+00     0.0000000000e+00     1.3696438127e-02
   10.000000     0.0000000000e+00     0.0000000000e+00     1.3823156220e-02
   10.050000     0.0000000000e+00     0.0000000000e+00     1.3995823908e-02
   10.100000     0.0000000000e+00     0.0000000000e+00     1.4167154735e-02
   10.150000     0.0000000000e+00     0.0000000000e+00     1.4292302181e-02
   10.200000     0.0000000000e+00     0.0000000000e+00     1.4331587561e-02
   10.250000     0.0000000000e+00     0.0000000000e+00     1.4253865018e-02
   10.300000     0.0000000000e+00     0.0000000000e+00     1.4041244371e-02
   10.350000     0.0000000000e+00     0.0000000000e+00     1.3693687703e-02
   10.400000     0.0000000000e+00     0.0000000000e+00     1.3230731817e-02
   10.450000     0.0000000000e+00     0.0000000000e+00     1.2688287259e-02
   10.500000     0.0000000000e+00     0.0000000000e+00     1.2110818398e-02
   10.550000     0.0000000000e+00     0.0000000000e+00     1.1541777574e-02
   10.600000     0.0000000000e+00     0.0000000000e+00     1.1016304313e-02
   10.650000     0.0000000000e+00     0.0000000000e+00     1.0559112427e-02
   10.700000     0.0000000000e+00     0.0000000000e+00     1.0187734512e-02
   10.750000     0.0000000000e+00     0.0000000000e+00     9.9184434039e-03
   10.800000     0.0000000000e+00     0.0000000000e+00     9.7708374033e-03
   10.850000     0.0000000000e+00     0.0000000000e+00     9.7679679467e-03
   10.900000     0.0000000000e+00     0.0000000000e+00     9.9314415216e-03
   10.950000     0.0000000000e+00     0.0000000000e+00     1.0273708722e-02
   11.000000     0.0000000000e+00     0.0000000000e+00     1.0791313378e-02
   11.050000    -0.0000000000e+00     0.0000000000e+00     1.1462512104e-02
   11.100000    -0.0000000000e+00     0.0000000000e+00     1.2250696696e-02
   11.150000    -0.0000000000e+00     0.0000000000e+00     1.3112486618e-02
   11.200000    -0.0000000000e+00     0.0000000000e+00     1.4007379710e-02
   11.250000    -0.0000000000e+00     0.0000000000e+00     1.4905255062e-02
   11.300000    -0.0000000000e+00     0.0000000000e+00     1.5788977737e-02
   11.350000    -0.0000000000e+00     0.0000000000e+00     1.6651416581e-02
   11.400000    -0.0000000000e+00     0.0000000000e+00     1.7488517183e-02
   11.450000    -0.0000000000e+00     0.0000000000e+00     1.8291750896e-02
   11.500000    -0.0000000000e+00     0.0000000000e+00     1.9043597214e-02
   11.550000    -0.0000000000e+00     0.0000000000e+00     1.9718504834e-02
   11.600000    -0.0000000000e+00     0.0000000000e+00     2.0289410810e-02
   11.650000    -0.0000000000e+00     0.0000000000e+00     2.0737287159e-02
   11.700000    -0.0000000000e+00     0.0000000000e+00     2.1059451753e-02
   11.750000    -0.0000000000e+00     0.0000000000e+00     2.1272404354e-02
   11.800000    -0.0000000000e+00     0.0000000000e+00     2.1406925676e-02
   11.850000    -0.0000000000e+00     0.0000000000e+00     2.1496417730e-02
   11.900000    -0.0000000000e+00     0.0000000000e+00     2.1562593033e-02
   11.950000     0.0000000000e+00     0.0000000000e+00     2.1604170541e-02
   12.000000     0.0000000000e+00     0.0000000000e+00     2.1593374088e-02
   12.050000     0.0000000000e+00     0.0000000000e+00     2.1482032803e-02
   12.100000     0.0000000000e+00     0.0000000000e+00     2.1215267841e-02
   12.150000     0.0000000000e+00     0.0000000000e+00     2.0747837543e-02
   12.200000     0.0000000000e+00     0.0000000000e+00     2.0057473340e-02
   12.250000     0.0000000000e+00     0.0000000000e+00     1.9151169646e-02
   12.300000     0.0000000000e+00     0.0000000000e+00     1.8063476735e-02
   12.350000     0.0000000000e+00     0.0000000000e+00     1.6848881254e-02
   12.400000     0.0000000000e+00     0.0000000000e+00     1.5572027514e-02
   12.450000     0.0000000000e+00     0.0000000000e+00     1.4299308571e-02
   12.500000     0.0000000000e+00    -0.0000000000e+00     1.3093655545e-02
   12.550000     0.0000000000e+00    -0.0000000000e+00     1.2012218602e-02
   12.600000     0.0000000000e+00    -0.0000000000e+00     1.1105166431e-02
   12.650000     0.0000000000e+00    -0.0000000000e+00     1.0413674507e-02
   12.700000     0.0000000000e+00    -0.0000000000e+00     9.9662539953e-03
   12.750000     0.0000000000e+00    -0.0000000000e+00     9.7742024607e-03
   12.800000     0.0000000000e+00     0.0000000000e+00     9.8282005252e-03
   12.850000     0.0000000000e+00     0.0000000000e+00     1.0098229870e-02
   12.900000     0.0000000000e+00     0.0000000000e+00     1.0537920159e-02
   12.950000     0.0000000000e+00     0.0000000000e+00     1.1092653028e-02
   13.000000     0.0000000000e+00     0.0000000000e+00     1.1709133402e-02
   13.050000     0.0000000000e+00     0.0000000000e+00     1.2343466163e-02
   13.100000     0.0000000000e+00     0.0000000000e+00     1.2965350162e-02
   13.150000     0.0000000000e+00     0.0000000000e+00     1.3557519521e-02
   13.200000     0.0000000000e+00     0.0000000000e+00     1.4111321577e-02
   13.250000     0.0000000000e+00     0.0000000000e+00     1.4620595916e-02
   13.300000     0.0000000000e+00     0.0000000000e+00     1.5076379517e-02
   13.350000     0.0000000000e+00     0.0000000000e+00     1.5464385013e-02
   13.400000     0.0000000000e+00     0.0000000000e+00     1.5765982656e-02
   13.450000     0.0000000000e+00     0.0000000000e+00     1.5962035901e-02
   13.500000     0.0000000000e+00     0.0000000000e+00     1.6037909381e-02
   13.550000    -0.0000000000e+00     0.0000000000e+00     1.5987706115e-02
   13.600000    -0.0000000000e+00     0.0000000000e+00     1.5816448870e-02
   13.650000    -0.0000000000e+00     0.0000000000e+00     1.5540216594e-02
   13.700000    -0.0000000000e+00     0.0000000000e+00     1.5185478288e-02
   13.750000    -0.0000000000e+00     0.0000000000e+00     1.4789217847e-02
   13.800000     0.0000000000e+00     0.0000000000e+00     1.4400494138e-02
   13.850000     0.0000000000e+00     0.0000000000e+00     1.4082200190e-02
   13.900000     0.0000000000e+00     0.0000000000e+00     1.3910080265e-02
   13.950000     0.0000000000e+00     0.0000000000e+00     1.3965807579e-02
   14.000000     0.0000000000e+00     0.0000000000e+00     1.4322764261e-02
   14.050000     0.0000000000e+00     0.0000000000e+00     1.5026590005e-02
   14.100000     0.0000000000e+00     0.0000000000e+00     1.6076027682e-02
   14.150000    -0.0000000000e+00     0.0000000000e+00     1.7411249730e-02
   14.200000    -0.0000000000e+00     0.0000000000e+00     1.8915538914e-02
   14.250000    -0.0000000000e+00     0.0000000000e+00     2.0432114886e-02
   14.300000    -0.0000000000e+00     0.0000000000e+00     2.1792580410e-02
   14.350000    -0.0000000000e+00     0.0000000000e+00     2.2849109227e-02
   14.400000    -0.0000000000e+00     0.0000000000e+00     2.3500975218e-02
   14.450000    -0.0000000000e+00     0.0000000000e+00     2.3708019318e-02
   14.500000    -0.0000000000e+00     0.0000000000e+00     2.3488379495e-02
   14.550000     0.0000000000e+00     0.0000000000e+00     2.2903352503e-02
   14.600000     0.0000000000e+00     0.0000000000e+00     2.2036386973e-02
   14.650000     0.0000000000e+00     0.0000000000e+00     2.0974329926e-02
   14.700000     0.0000000000e+00     0.0000000000e+00     1.9796861376e-02
   14.750000     0.0000000000e+00    -0.0000000000e+00     1.8575651385e-02
   14.800000     0.0000000000e+00    -0.0000000000e+00     1.7380152282e-02
   14.850000     0.0000000000e+00    -0.0000000000e+00     1.6284087383e-02
   14.900000     0.0000000000e+00    -0.0000000000e+00     1.5366737218e-02
   14.950000     0.0000000000e+00    -0.0000000000e+00     1.4705864364e-02
   15.000000     0.0000000000e+00     0.0000000000e+00     1.4363236417e-02
   15.050000     0.0000000000e+00     0.0000000000e+00     1.4367410813e-02
   15.100000     0.0000000000e+00     0.0000000000e+00     1.4700253380e-02
   15.150000     0.0000000000e+00     0.0000000000e+00     1.5292945040e-02
   15.200000     0.0000000000e+00     0.0000000000e+00     1.6034341229e-02
   15.250000     0.0000000000e+00     0.0000000000e+00     1.6790585886e-02
   15.300000     0.0000000000e+00     0.0000000000e+00     1.7431241965e-02
   15.350000     0.0000000000e+00     0.0000000000e+00     1.7855083092e-02
   15.400000     0.0000000000e+00     0.0000000000e+00     1.8008717397e-02
   15.450000     0.0000000000e+00     0.0000000000e+00     1.7893276319e-02
   15.500000     0.0000000000e+00     0.0000000000e+00     1.7557779700e-02
   15.550000    -0.0000000000e+00     0.0000000000e+00     1.7081461142e-02
   15.600000    -0.0000000000e+00     0.0000000000e+00     1.6550300831e-02
   15.650000    -0.0000000000e+00     0.0000000000e+00     1.6034500293e-02
   15.700000     0.0000000000e+00     0.0000000000e+00     1.5573232107e-02
   15.750000     0.0000000000e+00     0.0000000000e+00     1.5170744030e-02
   15.800000     0.0000000000e+00     0.0000000000e+00     1.4804362897e-02
   15.850000     0.0000000000e+00     0.0000000000e+00     1.4441195702e-02
   15.900000     0.0000000000e+00     0.0000000000e+00     1.4057635322e-02
   15.950000     0.0000000000e+00     0.0000000000e+00     1.3655119693e-02
   16.000000     0.0000000000e+00     0.0000000000e+00     1.3267173498e-02
   16.050000     0.0000000000e+00     0.0000000000e+00     1.2955887875e-02
   16.100000     0.0000000000e+00     0.0000000000e+00     1.2799390219e-02
   16.150000     0.0000000000e+00     0.0000000000e+00     1.2874270097e-02
   16.200000     0.0000000000e+00     0.0000000000e+00     1.3237691220e-02
   16.250000     0.0000000000e+00     0.0000000000e+00     1.3913174569e-02
   16.300000     0.0000000000e+00     0.0000000000e+00     1.4882524259e-02
   16.350000     0.0000000000e+00     0.0000000000e+00     1.6084923066e-02
   16.400000     0.0000000000e+00     0.0000000000e+00     1.7423288722e-02
   16.450000     0.0000000000e+00     0.0000000000e+00     1.8777402614e-02
   16.500000     0.0000000000e+00     0.0000000000e+00     2.0022586429e-02
   16.550000     0.0000000000e+00     0.0000000000e+00     2.1051443036e-02
   16.600000     0.0000000000e+00     0.0000000000e+00     2.1794599424e-02
   16.650000     0.0000000000e+00     0.0000000000e+00     2.2235283736e-02
   16.700000     0.0000000000e+00     0.0000000000e+00     2.2412878691e-02
   16.750000     0.0000000000e+00     0.0000000000e+00     2.2412806673e-02
   16.800000     0.0000000000e+00     0.0000000000e+00     2.2343858381e-02
   16.850000     0.0000000000e+00     0.0000000000e+00     2.2308222193e-02
   16.900000     0.0000000000e+00     0.0000000000e+00     2.2372481686e-02
   16.950000    -0.0000000000e+00     0.0000000000e+00     2.2548415445e-02
   17.000000    -0.0000000000e+00     0.0000000000e+00     2.2789993872e-02
   17.050000    -0.0000000000e+00     0.0000000000e+00     2.3008035825e-02
   17.100000    -0.0000000000e+00     0.0000000000e+00     2.3098138916e-02
   17.150000    -0.0000000000e+00     0.0000000000e+00     2.2972894002e-02
   17.200000    -0.0000000000e+00     0.0000000000e+00     2.2587916895e-02
   17.250000    -0.0000000000e+00     0.0000000000e+00     2.1953573666e-02
   17.300000    -0.0000000000e+00     0.0000000000e+00     2.1129532341e-02
   17.350000    -0.0000000000e+00     0.0000000000e+00     2.0205312885e-02
   17.400000     0.0000000000e+00     0.0000000000e+00     1.9274478349e-02
   17.450000     0.0000000000e+00    -0.0000000000e+00     1.8411488013e-02
   17.500000     0.0000000000e+00    -0.0000000000e+00     1.7658348006e-02
   17.550000     0.0000000000e+00    -0.0000000000e+00     1.7024069953e-02
   17.600000     0.0000000000e+00     0.0000000000e+00     1.6495214334e-02
   17.650000     0.0000000000e+00     0.0000000000e+00     1.6052068309e-02
   17.700000     0.0000000000e+00     0.0000000000e+00     1.5683449726e-02
   17.750000     0.0000000000e+00     0.0000000000e+00     1.5394180964e-02
   17.800000     0.0000000000e+00     0.0000000000e+00     1.5202517991e-02
   17.850000     0.0000000000e+00     0.0000000000e+00     1.5129027628e-02
   17.900000     0.0000000000e+00     0.0000000000e+00     1.5181931680e-02
   17.950000     0.0000000000e+00     0.0000000000e+00     1.5345371285e-02
   18.000000     0.0000000000e+00     0.0000000000e+00     1.5575863461e-02
   18.050000     0.0000000000e+00     0.0000000000e+00     1.5809023937e-02
   18.100000     0.0000000000e+00     0.0000000000e+00     1.5974803718e-02
   18.150000     0.0000000000e+00     0.0000000000e+00     1.6016505798e-02
   18.200000     0.0000000000e+00     0.0000000000e+00     1.5907640834e-02
   18.250000     0.0000000000e+00     0.0000000000e+00     1.5661399157e-02
   18.300000     0.0000000000e+00     0.0000000000e+00     1.5329716498e-02
   18.350000     0.0000000000e+00     0.0000000000e+00     1.4991876606e-02
   18.400000     0.0000000000e+00     0.0000000000e+00     1.4735561668e-02
   18.450000    -0.0000000000e+00     0.0000000000e+00     1.4635494037e-02
   18.500000    -0.0000000000e+00     0.0000000000e+00     1.4735665914e-02
   18.550000    -0.0000000000e+00     0.0000000000e+00     1.5040248519e-02
   18.600000     0.0000000000e+00     0.0000000000e+00     1.5515722817e-02
   18.650000     0.0000000000e+00     0.0000000000e+00     1.6103285708e-02
   18.700000     0.0000000000e+00     0.0000000000e+00     1.6737290060e-02
   18.750000     0.0000000000e+00     0.0000000000e+00     1.7363531398e-02
   18.800000     0.0000000000e+00     0.0000000000e+00     1.7951332724e-02
   18.850000     0.0000000000e+00     0.0000000000e+00     1.8495616019e-02
   18.900000     0.0000000000e+00     0.0000000000e+00     1.9008749498e-02
   18.950000     0.0000000000e+00     0.0000000000e+00     1.9505676021e-02
   19.000000     0.0000000000e+00     0.0000000000e+00     1.9988319072e-02
   19.050000     0.0000000000e+00     0.0000000000e+00     2.0435570319e-02
   19.100000     0.0000000000e+00     0.0000000000e+00     2.0803095792e-02
   19.150000     0.0000000000e+00     0.0000000000e+00     2.1033473454e-02
   19.200000     0.0000000000e+00     0.0000000000e+00     2.1073213082e-02
   19.250000     0.0000000000e+00     0.0000000000e+00     2.0890594185e-02
   19.300000     0.0000000000e+00     0.0000000000e+00     2.0488052473e-02
   19.350000     0.0000000000e+00     0.0000000000e+00     1.9905078502e-02
   19.400000     0.0000000000e+00     0.0000000000e+00     1.9211212839e-02
   19.450000     0.0000000000e+00     0.0000000000e+00     1.8492109712e-02
   19.500000     0.0000000000e+00     0.0000000000e+00     1.7833422428e-02
   19.550000     0.0000000000e+00     0.0000000000e+00     1.7306979552e-02
   19.600000    -0.0000000000e+00     0.0000000000e+00     1.6961947554e-02
   19.650000    -0.0000000000e+00     0.0000000000e+00     1.6821552896e-02
   19.700000    -0.0000000000e+00     0.0000000000e+00     1.6884435044e-02
   19.750000    -0.0000000000e+00    -0.0000000000e+00     1.7129125288e-02
   19.800000    -0.0000000000e+00    -0.0000000000e+00     1.7520165051e-02
   19.850000    -0.0000000000e+00    -0.0000000000e+00     1.8014493936e-02
   19.900000    -0.0000000000e+00     0.0000000000e+00     1.8566774521e-02
   19.950000    -0.0000000000e+00     0.0000000000e+00     1.9132534305e-02
   20.000000    -0.0000000000e+00     0.0000000000e+00     1.9668750341e-02
   20.050000    -0.0000000000e+00     0.0000000000e+00     2.0132752465e-02
   20.100000    -0.0000000000e+00     0.0000000000e+00     2.0481483694e-02
   20.150000    -0.0000000000e+00     0.0000000000e+00     2.0673398215e-02
   20.200000    -0.0000000000e+00     0.0000000000e+00     2.0674152365e-02
   20.250000     0.0000000000e+00     0.0000000000e+00     2.0465136276e-02
   20.300000     0.0000000000e+00     0.0000000000e+00     2.0051894659e-02
   20.350000     0.0000000000e+00     0.0000000000e+00     1.9468745900e-02
   20.400000     0.0000000000e+00     0.0000000000e+00     1.8776916495e-02
   20.450000     0.0000000000e+00    -0.0000000000e+00     1.8055792951e-02
   20.500000     0.0000000000e+00    -0.0000000000e+00     1.7389345269e-02
   20.550000     0.0000000000e+00    -0.0000000000e+00     1.6851310207e-02
   20.600000     0.0000000000e+00    -0.0000000000e+00     1.6492829512e-02
   20.650000     0.0000000000e+00    -0.0000000000e+00     1.6335116103e-02
   20.700000     0.0000000000e+00    -0.0000000000e+00     1.6368020917e-02
   20.750000     0.0000000000e+00     0.0000000000e+00     1.6553816500e-02
   20.800000     0.0000000000e+00     0.0000000000e+00     1.6834604818e-02
   20.850000     0.0000000000e+00     0.0000000000e+00     1.7141650441e-02
   20.900000     0.0000000000e+00     0.0000000000e+00     1.7405423639e-02
   20.950000     0.0000000000e+00     0.0000000000e+00     1.7565720692e-02
   21.000000     0.0000000000e+00     0.0000000000e+00     1.7581374098e-02
   21.050000     0.0000000000e+00     0.0000000000e+00     1.7438528125e-02
   21.100000     0.0000000000e+00     0.0000000000e+00     1.7155539005e-02
   21.150000     0.0000000000e+00     0.0000000000e+00     1.6782051569e-02
   21.200000     0.0000000000e+00     0.0000000000e+00     1.6390515964e-02
   21.250000     0.0000000000e+00     0.0000000000e+00     1.6060557826e-02
   21.300000     0.0000000000e+00     0.0000000000e+00     1.5859492940e-02
   21.350000     0.0000000000e+00     0.0000000000e+00     1.5824495188e-02
   21.400000     0.0000000000e+00     0.0000000000e+00     1.5952176562e-02
   21.450000     0.0000000000e+00     0.0000000000e+00     1.6199199146e-02
   21.500000     0.0000000000e+00     0.0000000000e+00     1.6493806539e-02
   21.550000     0.0000000000e+00     0.0000000000e+00     1.6754463466e-02
   21.600000     0.0000000000e+00     0.0000000000e+00     1.6909713569e-02
   21.650000     0.0000000000e+00     0.0000000000e+00     1.6913624825e-02
   21.700000     0.0000000000e+00     0.0000000000e+00     1.6753351580e-02
   21.750000     0.0000000000e+00     0.0000000000e+00     1.6448190709e-02
   21.800000     0.0000000000e+00     0.0000000000e+00     1.6041819645e-02
   21.850000     0.0000000000e+00     0.0000000000e+00     1.5590556916e-02
   21.900000     0.0000000000e+00     0.0000000000e+00     1.5150598389e-02
   21.950000     0.0000000000e+00     0.0000000000e+00     1.4766758047e-02
   22.000000     0.0000000000e+00     0.0000000000e+00     1.4464684866e-02
   22.050000     0.0000000000e+00     0.0000000000e+00     1.4247900003e-02
   22.100000     0.0000000000e+00     0.0000000000e+00     1.4100148218e-02
   22.150000     0.0000000000e+00     0.0000000000e+00     1.3992425145e-02
   22.200000     0.0000000000e+00     0.0000000000e+00     1.3892850830e-02
   22.250000     0.0000000000e+00     0.0000000000e+00     1.3776732529e-02
   22.300000     0.0000000000e+00     0.0000000000e+00     1.3634057386e-02
   22.350000     0.0000000000e+00     0.0000000000e+00     1.3472363220e-02
   22.400000     0.0000000000e+00     0.0000000000e+00     1.3314236704e-02
   22.450000     0.0000000000e+00     0.0000000000e+00     1.3190195979e-02
   22.500000     0.0000000000e+00     0.0000000000e+00     1.3129025158e-02
   22.550000     0.0000000000e+00     0.0000000000e+00     1.3148405375e-02
   22.600000     0.0000000000e+00     0.0000000000e+00     1.3248699090e-02
   22.650000     0.0000000000e+00     0.0000000000e+00     1.3411917942e-02
   22.700000     0.0000000000e+00    -0.0000000000e+00     1.3606402943e-02
   22.750000     0.0000000000e+00    -0.0000000000e+00     1.3795994366e-02
   22.800000     0.0000000000e+00    -0.0000000000e+00     1.3951041747e-02
   22.850000     0.0000000000e+00    -0.0000000000e+00     1.4057991979e-02
   22.900000    -0.0000000000e+00    -0.0000000000e+00     1.4124678886e-02
   22.950000    -0.0000000000e+00    -0.0000000000e+00     1.4179633346e-02
   23.000000    -0.0000000000e+00    -0.0000000000e+00     1.4265316760e-02
   23.050000    -0.0000000000e+00     0.0000000000e+00     1.4426720798e-02
   23.100000    -0.0000000000e+00     0.0000000000e+00     1.4697976578e-02
   23.150000    -0.0000000000e+00     0.0000000000e+00     1.5090299258e-02
   23.200000    -0.0000000000e+00     0.0000000000e+00     1.5584596997e-02
   23.250000    -0.0000000000e+00     0.0000000000e+00     1.6131228800e-02
   23.300000     0.0000000000e+00     0.0000000000e+00     1.6657676817e-02
   23.350000     0.0000000000e+00     0.0000000000e+00     1.7082633300e-02
   23.400000     0.0000000000e+00     0.0000000000e+00     1.7332923368e-02
   23.450000     0.0000000000e+00     0.0000000000e+00     1.7358667151e-02
   23.500000     0.0000000000e+00     0.0000000000e+00     1.7142667005e-02
   23.550000     0.0000000000e+00     0.0000000000e+00     1.6702013491e-02
   23.600000     0.0000000000e+00     0.0000000000e+00     1.6082472714e-02
   23.650000     0.0000000000e+00     0.0000000000e+00     1.5348239911e-02
   23.700000     0.0000000000e+00     0.0000000000e+00     1.4570361940e-02
   23.750000     0.0000000000e+00     0.0000000000e+00     1.3816498076e-02
   23.800000     0.0000000000e+00     0.0000000000e+00     1.3143301497e-02
   23.850000     0.0000000000e+00     0.0000000000e+00     1.2591402509e-02
   23.900000     0.0000000000e+00     0.0000000000e+00     1.2182377969e-02
   23.950000     0.0000000000e+00     0.0000000000e+00     1.1917317755e-02
   24.000000     0.0000000000e+00     0.0000000000e+00     1.1777269307e-02
   24.050000     0.0000000000e+00     0.0000000000e+00     1.1726324363e-02
   24.100000     0.0000000000e+00     0.0000000000e+00     1.1717895463e-02
   24.150000     0.0000000000e+00     0.0000000000e+00     1.1703741724e-02
   24.200000     0.0000000000e+00    -0.0000000000e+00     1.1644004619e-02
   24.250000     0.0000000000e+00    -0.0000000000e+00     1.1515661500e-02
   24.300000     0.0000000000e+00    -0.0000000000e+00     1.1316982285e-02
   24.350000     0.0000000000e+00    -0.0000000000e+00     1.1066795117e-02
   24.400000     0.0000000000e+00    -0.0000000000e+00     1.0799036656e-02
   24.450000     0.0000000000e+00    -0.0000000000e+00     1.0554372665e-02
   24.500000     0.0000000000e+00    -0.0000000000e+00     1.0371130793e-02
   24.550000     0.0000000000e+00    -0.0000000000e+00     1.0277475261e-02
   24.600000     0.0000000000e+00    -0.0000000000e+00     1.0286139666e-02
   24.650000     0.0000000000e+00    -0.0000000000e+00     1.0392506691e-02
   24.700000     0.0000000000e+00     0.0000000000e+00     1.0576380669e-02
   24.750000     0.0000000000e+00     0.0000000000e+00     1.0807165180e-02
   24.800000     0.0000000000e+00     0.0000000000e+00     1.1051199915e-02
   24.850000     0.0000000000e+00     0.0000000000e+00     1.1279051282e-02
   24.900000     0.0000000000e+00     0.0000000000e+00     1.1470251131e-02
   24.950000     0.0000000000e+00     0.0000000000e+00     1.1613835775e-02
   25.000000     0.0000000000e+00     0.0000000000e+00     1.1704894575e-02
   25.050000     0.0000000000e+00     0.0000000000e+00     1.1739316414e-02
   25.100000     0.0000000000e+00     0.0000000000e+00     1.1709903389e-02
   25.150000     0.0000000000e+00     0.0000000000e+00     1.1606351596e-02
   25.200000     0.0000000000e+00     0.0000000000e+00     1.1419547359e-02
   25.250000     0.0000000000e+00     0.0000000000e+00     1.1148261810e-02
   25.300000     0.0000000000e+00     0.0000000000e+00     1.0804897378e-02
   25.350000     0.0000000000e+00     0.0000000000e+00     1.0417167231e-02
   25.400000     0.0000000000e+00     0.0000000000e+00     1.0024302100e-02
   25.450000     0.0000000000e+00    -0.0000000000e+00     9.6686874919e-03
   25.500000     0.0000000000e+00    -0.0000000000e+00     9.3856684439e-03
   25.550000     0.0000000000e+00    -0.0000000000e+00     9.1949165081e-03
   25.600000     0.0000000000e+00    -0.0000000000e+00     9.0961438042e-03
   25.650000     0.0000000000e+00    -0.0000000000e+00     9.0704752078e-03
   25.700000     0.0000000000e+00    -0.0000000000e+00     9.0870445982e-03
   25.750000     0.0000000000e+00    -0.0000000000e+00     9.1128862673e-03
   25.800000     0.0000000000e+00    -0.0000000000e+00     9.1233002800e-03
   25.850000     0.0000000000e+00    -0.0000000000e+00     9.1097715587e-03
   25.900000     0.0000000000e+00    -0.0000000000e+00     9.0832445667e-03
   25.950000     0.0000000000e+00    -0.0000000000e+00     9.0719140348e-03
   26.000000    -0.0000000000e+00    -0.0000000000e+00     9.1142726973e-03
   26.050000    -0.0000000000e+00    -0.0000000000e+00     9.2494293462e-03
   26.100000    -0.0000000000e+00    -0.0000000000e+00     9.5072619794e-03
   26.150000    -0.0000000000e+00    -0.0000000000e+00     9.9007112204e-03
   26.200000    -0.0000000000e+00     0.0000000000e+00     1.0421698674e-02
   26.250000    -0.0000000000e+00     0.0000000000e+00     1.1041173930e-02
   26.300000    -0.0000000000e+00     0.0000000000e+00     1.1712954901e-02
   26.350000    -0.0000000000e+00     0.0000000000e+00     1.2380418178e-02
   26.400000    -0.0000000000e+00     0.0000000000e+00     1.2984678742e-02
   26.450000     0.0000000000e+00     0.0000000000e+00     1.3472670007e-02
   26.500000     0.0000000000e+00     0.0000000000e+00     1.3803602648e-02
   26.550000     0.0000000000e+00     0.0000000000e+00     1.3952753722e-02
   26.600000     0.0000000000e+00     0.0000000000e+00     1.3912349906e-02
   26.650000     0.0000000000e+00     0.0000000000e+00     1.3690154423e-02
   26.700000     0.0000000000e+00     0.0000000000e+00     1.3306849812e-02
   26.750000     0.0000000000e+00     0.0000000000e+00     1.2793207498e-02
   26.800000     0.0000000000e+00     0.0000000000e+00     1.2187476530e-02
   26.850000     0.0000000000e+00     0.0000000000e+00     1.1532807700e-02
   26.900000     0.0000000000e+00    -0.0000000000e+00     1.0874256839e-02
   26.950000     0.0000000000e+00    -0.0000000000e+00     1.0255120733e-02
   27.000000     0.0000000000e+00    -0.0000000000e+00     9.7128631920e-03
   27.050000     0.0000000000e+00    -0.0000000000e+00     9.2753384647e-03
   27.100000     0.0000000000e+00    -0.0000000000e+00     8.9581520138e-03
   27.150000     0.0000000000e+00    -0.0000000000e+00     8.7637813691e-03
   27.200000     0.0000000000e+00    -0.0000000000e+00     8.6826691944e-03
   27.250000     0.0000000000e+00    -0.0000000000e+00     8.6960924531e-03
   27.300000     0.0000000000e+00    -0.0000000000e+00     8.7803118369e-03
   27.350000     0.0000000000e+00    -0.0000000000e+00     8.9113105199e-03
   27.400000     0.0000000000e+00    -0.0000000000e+00     9.0692978812e-03
   27.450000     0.0000000000e+00     0.0000000000e+00     9.2420853959e-03
   27.500000     0.0000000000e+00     0.0000000000e+00     9.4265156377e-03
   27.550000     0.0000000000e+00     0.0000000000e+00     9.6274416058e-03
   27.600000     0.0000000000e+00     0.0000000000e+00     9.8543375714e-03
   27.650000     0.0000000000e+00     0.0000000000e+00     1.0116345178e-02
   27.700000     0.0000000000e+00     0.0000000000e+00     1.0417144328e-02
   27.750000     0.0000000000e+00     0.0000000000e+00     1.0751189676e-02
   27.800000     0.0000000000e+00     0.0000000000e+00     1.1102434744e-02
   27.850000     0.0000000000e+00     0.0000000000e+00     1.1445825959e-02
   27.900000     0.0000000000e+00     0.0000000000e+00     1.1750971172e-02
   27.950000     0.0000000000e+00     0.0000000000e+00     1.1986867730e-02
   28.000000     0.0000000000e+00     0.0000000000e+00     1.2126575860e-02
   28.050000     0.0000000000e+00     0.0000000000e+00     1.2151085357e-02
   28.100000     0.0000000000e+00     0.0000000000e+00     1.2052014467e-02
   28.150000     0.0000000000e+00     0.0000000000e+00     1.1832960548e-02
   28.200000     0.0000000000e+00     0.0000000000e+00     1.1509320121e-02
   28.250000     0.0000000000e+00     0.0000000000e+00     1.1106441221e-02
   28.300000     0.0000000000e+00     0.0000000000e+00     1.0656255767e-02
   28.350000     0.0000000000e+00     0.0000000000e+00     1.0193011882e-02
   28.400000     0.0000000000e+00     0.0000000000e+00     9.7490981041e-03
   28.450000     0.0000000000e+00     0.0000000000e+00     9.3519238559e-03
   28.500000     0.0000000000e+00    -0.0000000000e+00     9.0223360873e-03
   28.550000     0.0000000000e+00    -0.0000000000e+00     8.7743701442e-03
   28.600000     0.0000000000e+00    -0.0000000000e+00     8.6156595342e-03
   28.650000     0.0000000000e+00    -0.0000000000e+00     8.5478311896e-03
   28.700000     0.0000000000e+00    -0.0000000000e+00     8.5666332677e-03
   28.750000     0.0000000000e+00    -0.0000000000e+00     8.6620514905e-03
   28.800000     0.0000000000e+00    -0.0000000000e+00     8.8189062776e-03
   28.850000     0.0000000000e+00    -0.0000000000e+00     9.0182461587e-03
   28.900000     0.0000000000e+00    -0.0000000000e+00     9.2394258305e-03
   28.950000     0.0000000000e+00     0.0000000000e+00     9.4624067756e-03
   29.000000     0.0000000000e+00     0.0000000000e+00     9.6697856841e-03
   29.050000     0.0000000000e+00     0.0000000000e+00     9.8483209449e-03
   29.100000     0.0000000000e+00     0.0000000000e+00     9.9900362106e-03
   29.150000     0.0000000000e+00     0.0000000000e+00     1.0093051373e-02
   29.200000     0.0000000000e+00     0.0000000000e+00     1.0162046914e-02
   29.250000     0.0000000000e+00     0.0000000000e+00     1.0207910521e-02
   29.300000     0.0000000000e+00     0.0000000000e+00     1.0245992937e-02
   29.350000     0.0000000000e+00     0.0000000000e+00     1.0292748979e-02
   29.400000     0.0000000000e+00     0.0000000000e+00     1.0361286175e-02
   29.450000     0.0000000000e+00     0.0000000000e+00     1.0457108738e-02
   29.500000     0.0000000000e+00     0.0000000000e+00     1.0575651011e-02
   29.550000     0.0000000000e+00     0.0000000000e+00     1.0702753228e-02
   29.600000     0.0000000000e+00    -0.0000000000e+00     1.0818140765e-02
   29.650000     0.0000000000e+00    -0.0000000000e+00     1.0900700837e-02
   29.700000     0.0000000000e+00    -0.0000000000e+00     1.0933539273e-02
   29.750000    -0.0000000000e+00    -0.0000000000e+00     1.0906902550e-02
   29.800000    -0.0000000000e+00    -0.0000000000e+00     1.0818083126e-02
   29.850000    -0.0000000000e+00    -0.0000000000e+00     1.0668910295e-02
   29.900000    -0.0000000000e+00    -0.0000000000e+00     1.0462606999e-02
   29.950000    -0.0000000000e+00    -0.0000000000e+00     1.0202024751e-02
   30.000000    -0.0000000000e+00    -0.0000000000e+00     9.8903962088e-03
